-0.0018577386528938473 -0.006481465771985664 0.999977248259401 0.33350474310909606 -0.999965940701036 0.008051860804454565 -0.0018055292755958508 -0.004796108372909679 -0.0080399744167712 -0.9999465610513804 -0.006496203222820952 -0.07557854728278082
-0.0031813791926919442 -0.005573486974683634 0.9999793732369241 0.341230749652558 -0.9999609264445285 0.008263907020859513 -0.003135260561123252 -1.3156295594758702 -0.008246261440516944 -0.9999503344624211 -0.005599560210261339 -0.08224122022294679
-0.003713539445733831 -0.0048260876951534745 0.9999814241062286 0.3542625170987387 -0.999956214720934 0.008603827417319642 -0.003671922102437799 -2.6304487329150303 -0.008585945916799642 -0.9999513323248956 -0.004857827764708664 -0.0910209075826577
-0.002386507693532765 -0.0030606899838573026 0.999992418116412 0.36383910832444627 -0.9999588701961193 0.008757124045261324 -0.0023596243664972985 -3.94689299679053 -0.008749835174323024 -0.999956948151004 -0.0030814633703251876 -0.09735928950229415
-0.0026641665638302424 -0.00283889210883991 0.9999923414531724 0.37473487285513035 -0.9999589695710468 0.008668568479108399 -0.002639467131783725 -5.2663169874825755 -0.008661008866478939 -0.9999583957267594 -0.002861871005283404 -0.10476847174579941
-0.0034904997871142425 -0.0025482450164042835 0.9999905933208267 0.38062248038946994 -0.9999574661142143 0.008542147675584734 -0.0034686164687541985 -6.587077835278636 -0.00853322795034501 -0.9999602886401169 -0.0025779542039492597 -0.1115621215135617
-0.004541444868438434 -0.0009680977938806099 0.9999891814052675 0.38502315311496366 -0.9999541977141365 0.00842983774491292 -0.004533124147611875 -7.914372587417142 -0.008425357438297115 -0.9999640174131901 -0.0010063389979391374 -0.11626142002126887
-0.005430312586995177 -0.0012834256094444614 0.9999843809798744 0.39043557950171054 -0.9999481791625204 0.008616439347647185 -0.005419056474023704 -9.244695880302967 -0.008609349358280963 -0.999962055999511 -0.0013301503205138737 -0.12368408880317705
-0.0037149880841467597 -0.0018385773200911793 0.9999913610489588 0.39572259286619965 -0.9999537320620674 0.008880096916237167 -0.00369852160949627 -10.575296818356122 -0.00887321988012779 -0.9999588570565698 -0.00187148320026077 -0.1324466572250944
-0.0010685086634959766 -0.004574956611824307 0.9999889553897457 0.39738390495662246 -0.9999590057517302 0.008991282248509997 -0.0010273430580541045 -11.90975902091218 -0.008986482133326658 -0.9999490628559474 -0.004584376460385236 -0.14180493287645435
-0.00013465391034801397 -0.008024083095243714 0.9999677570193383 0.39919220407348444 -0.9999623818316856 0.00866994316597798 -6.508420113599976e-05 -13.247524687042594 -0.008669140798620632 -0.9999301887575258 -0.008024948642641966 -0.15379617229453557
-0.00028514357795876555 -0.010443150621586135 0.9999454080661269 0.40724382601645237 -0.9999630082059633 0.00859616843293372 -0.0001953741171700522 -14.585989857706775 -0.0085936581218026 -0.9999084941345001 -0.010445215063932475 -0.16754439168094734
-0.0009939251046726157 -0.011669671857115746 0.9999313417809843 0.41805541180042466 -0.9999637698880393 0.008470200869632865 -0.0008951052938653255 -15.936307898709222 -0.008459173500285924 -0.9998960572722385 -0.011677667551158911 -0.17999951457721663
-0.0036323944270403464 -0.009471271248637564 0.9999484720913377 0.42632307705864314 -0.9999610875935946 0.008067424651128204 -0.0035560283394109023 -17.288164397354677 -0.008033328517053968 -0.9999225659763649 -0.009500206818503696 -0.1867341137854641
-0.005854660088520623 -0.005577729721652141 0.999967280667444 0.4331274255313216 -0.9999525477682252 0.007820456088518701 -0.0058109513096508015 -18.640909908521387 -0.007787787557234946 -0.9999538833633406 -0.00562325151279406 -0.19012137869771284
-0.003682376439152122 -0.0028392066705999206 0.9999891653945291 0.43729419676276277 -0.9999607126012082 0.008069253400505376 -0.003659361909051656 -19.99284327512012 -0.008058775412720078 -0.9999634164224144 -0.0028688096608357927 -0.1936472266538485
-0.0012940748771579302 -0.0013616185012517643 0.9999981707737887 0.44840518392536344 -0.9999651982014457 0.00823968548777116 -0.0012828132902572486 -21.347346533664787 -0.008237923140321778 -0.9999651400110108 -0.0013722353075285142 -0.2026985942737908
0.00021362788451422172 -0.0036393122541003454 0.9999933297810428 0.46563557963418145 -0.9999711712985108 0.0075912264151147425 0.00024124907748318092 -22.711851675272047 -0.007592052971619367 -0.9999645957327753 -0.003637586578137783 -0.21639055959720238
-0.0010938792551768042 -0.006634808809168847 0.9999773733745949 0.479249491846459 -0.9999762762864043 0.006801463135798979 -0.0010487519136801594 -24.07839193648338 -0.006794350596150257 -0.9999548277874265 -0.00664209134439243 -0.2319110384814219
-0.007290652244706206 -0.007938381471271388 0.9999418719268716 0.4917570760808241 -0.9999547225613348 0.006173480701445503 -0.007241733842526621 -25.45554446101373 -0.006115633028277911 -0.9999494407602595 -0.007983030604492966 -0.2430796359516053
-0.007324758989558517 -0.005453046411225175 0.9999582575222954 0.49872908127297894 -0.9999571140916644 0.005712382521830776 -0.00729359766425022 -26.82727812990599 -0.005672371883048923 -0.9999687582376907 -0.005494654183645644 -0.24684712996949884
-0.005738903442747242 -0.0011593951534702145 0.9999828090964794 0.5095440166132027 -0.9999651189547369 0.006066810248255847 -0.005731767483932878 -28.201735275861815 -0.006060059701963076 -0.999980964466786 -0.0011941735256673913 -0.24784590646298496
-0.003167181255327021 -0.0005652168133827113 0.9999947573730833 0.5201696444260712 -0.9999768967231124 0.006020517527908581 -0.003163721055612814 -29.577075436078516 -0.006018698197011852 -0.9999816718734214 -0.0005842733118928273 -0.25297653210171184
-0.0008747280909970163 -0.0003238179054814716 0.9999995137661762 0.5341120483317279 -0.9999839626011305 0.0056020738588292785 -0.0008729001261280032 -30.956782815742105 -0.0056017876212019 -0.9999842909953625 -0.0003287145479794265 -0.25894291779814693
-0.00047169788065874675 -0.0036419563078662993 0.9999932103733457 0.548299782614913 -0.9999881287381127 0.004847794066776981 -0.00045404044554733466 -32.34235793763067 -0.0048461069486431954 -0.9999816376355726 -0.0036442001515479714 -0.2690975496384846
0.0016397528996082266 -0.004588693769182164 0.9999880902720575 0.5632779971312475 -0.9999887261948499 0.004444851125689667 0.0016601491070602507 -33.72485169073357 -0.004452415033860235 -0.9999795853514687 -0.004581354470276763 -0.27634127296202216
0.002101816245268173 -0.005482717295360623 0.9999827287710875 0.5823737610336158 -0.9999874957747601 0.004517317750027598 0.0021265925452446715 -35.11804068133373 -0.004528898698002665 -0.9999747911059148 -0.00547315477096148 -0.2830943843203272
-0.0002020327336267661 -0.005551079724727249 0.9999844902653099 0.6029907060792936 -0.9999892708949122 0.004623431187808526 -0.00017636884793286616 -36.515473323389834 -0.004622380080921601 -0.9999738555405472 -0.005551954685716346 -0.28972664477958804
-0.0018015879611130042 -0.006317360115871051 0.9999784209117276 0.6171295779058475 -0.9999855603014173 0.005063928494444659 -0.0017696111665887375 -37.91374695552421 -0.005052638580178898 -0.9999671830538474 -0.006326391797103229 -0.2952649647331337
-0.0014880709774644947 -0.009020153817313388 0.9999581196299602 0.6293160278582601 -0.999985870664714 0.005106365664138815 -0.0014420503416468348 -39.30952798718465 -0.005093143260396883 -0.9999463130746393 -0.009027625790771527 -0.30220801746648474
-0.0013106816267573751 -0.011557869505796282 0.9999323334287394 0.6373952952168386 -0.9999867421330789 0.00498538128719095 -0.001253130059225133 -40.712429281090806 -0.004970559262023259 -0.9999207297089857 -0.011564249555926253 -0.30863612485978076
-0.0018257273484877732 -0.013710458604135254 0.9999042662859662 0.6528324839197318 -0.9999859828058278 0.005000216437776485 -0.0017573138769792988 -42.11924553354054 -0.004975643084234075 -0.9998934744000738 -0.013719395046584374 -0.31773268890280787
-0.002106285054042776 -0.014813031290726416 0.9998879877855434 0.6645805965693824 -0.999983953741422 0.005281274683242568 -0.0020282469414563283 -43.52697826416575 -0.005250637855948646 -0.9998763747473824 -0.01482391782953221 -0.32422431308388844
-0.0016920338307859148 -0.013760645720842728 0.9999038308088133 0.6764071412056574 -0.999982481735804 0.0056973208031226305 -0.0016137603103755426 -44.93672758430154 -0.005674566030465812 -0.999889031521186 -0.013770043274835516 -0.3278170910430199
-0.0010649642392694535 -0.012921724274099822 0.9999158883410062 0.6855740563385682 -0.9999792053372998 0.006372741356735763 -0.0009826781882816959 -46.34986683459143 -0.006359506056435346 -0.9998962159681652 -0.012928241135990108 -0.33160651402833297
-0.001803776022532318 -0.012287622585468172 0.999922879217351 0.6960143001041602 -0.9999715914919297 0.007337495062717215 -0.0017136977875795247 -47.765817200187314 -0.0073158709096548345 -0.9998975770948327 -0.01230050751593407 -0.33675382626207884
-0.002661229253354876 -0.012487838425770486 0.9999184379760426 0.7073856852865883 -0.9999618667390474 0.008353931228141244 -0.002557013215145427 -49.18858114102721 -0.008321317999195565 -0.999887102623057 -0.012509592082961882 -0.3456967385767695
-0.0029209025219685877 -0.013115574334680993 0.9999096490931195 0.7172531072183964 -0.9999516535380512 0.009425948065393992 -0.002797387070148453 -50.61124017998736 -0.009388406535943711 -0.9998695957483502 -0.013142473272725524 -0.35600156586106024
-0.0025402153171154717 -0.013095569997625456 0.9999109511412307 0.726138891102047 -0.9999409683978073 0.010595728969024663 -0.00240152174308574 -52.03741848265931 -0.010563335489948684 -0.9998580990763015 -0.013121711154064783 -0.3672048016567011
-0.003819015354328435 -0.013323015950231172 0.9999038782956269 0.733491915884025 -0.999924579449434 0.011725543471909489 -0.0036628585972133367 -53.46642186536539 -0.011675616870674496 -0.9998425001727669 -0.013366790039428037 -0.37925974116558914
-0.004782069253848333 -0.011923151221221607 0.9999174659326661 0.7433670195294737 -0.9999108254993606 0.012523431649948716 -0.0046327071341080595 -54.89404987825968 -0.012467161215712235 -0.9998505072886958 -0.011981976142662231 -0.3922383668599393
-0.004690173201622549 -0.010422744851899337 0.9999346298178913 0.7514533147491871 -0.9999032554959031 0.013146779973809622 -0.004552990203550669 -56.3260686219642 -0.013098466245381786 -0.9998592937758738 -0.010483396993295577 -0.40477198432538386
-0.004248717186392245 -0.00813553170086916 0.9999577861015398 0.7597678859323507 -0.9998970496268628 0.0137430410979264 -0.004136645750420633 -57.75500712713513 -0.013708808360560461 -0.9998724108895081 -0.008193084873441815 -0.41679228192846707
-0.004683649425086242 -0.006787034018004343 0.9999659593167389 0.7657132924365743 -0.9998941475864326 0.013808700112534395 -0.004589588361756382 -59.18324321920812 -0.013777080375067058 -0.9998815956783688 -0.006850990439483649 -0.4286385245361015
-0.005319733305534842 -0.005575903398417004 0.9999702762370443 0.7736677691179139 -0.9998968280162915 0.013369901967472784 -0.0052447910483041735 -60.61288894357051 -0.013340259062443408 -0.9998950545694351 -0.0056464526469775615 -0.4410665794812818
-0.005948605194665389 -0.0045539129732641275 0.9999718956973823 0.7821470450414448 -0.999898422438242 0.012978948652344996 -0.005889061220882066 -62.037777018385505 -0.012951764786544254 -0.9999054040008423 -0.0046306568499513544 -0.45367150400426415
-0.005512714306341713 -0.0026283794595917684 0.9999813151647217 0.7931993943092316 -0.9999065508434032 0.012524092441783029 -0.005479383765418125 -63.46186603307401 -0.012509456838534452 -0.9999180658978548 -0.0026971763130505294 -0.4665284637577688
-0.004662570386672305 -0.001135551256529337 0.9999884281420988 0.8014454731491001 -0.9999169115421601 0.012023271314601328 -0.004648582728020802 -64.88177589110028 -0.012017853169238988 -0.9999271143987658 -0.001191518377664456 -0.47690555838877324
-0.004094552729225988 -0.0012214857885710657 0.9999908515802037 0.8109597174196337 -0.9999269544677825 0.011374015003112626 -0.004080397823428755 -66.29934686881161 -0.01136892632864214 -0.9999345213916745 -0.0012679682433349255 -0.4889532672897213
-0.004163384906774011 -0.0029676716035077445 0.9999868749207025 0.819689344545091 -0.9999354561209608 0.010586311879103144 -0.004131751930287163 -67.71313142635682 -0.010573911452496896 -0.9999395661057398 -0.003011555669953216 -0.5021395942106128
-0.005503661011213537 -0.005801699040125296 0.9999679811102454 0.834221097608739 -0.9999337367650972 0.010141920439665702 -0.005444630204470842 -69.12613536451981 -0.01011000725589802 -0.9999317718998 -0.005857132942388838 -0.5205627430241835
-0.006822151058222303 -0.00946745354247078 0.9999319140729657 0.844611397299571 -0.9999329913426834 0.00941936408708877 -0.006732973864287158 -70.54036443220048 -0.009354977322224014 -0.9999107690300976 -0.009531077697117222 -0.5374737498131568
-0.007380119419123593 -0.013122701631686745 0.9998865792404384 0.8534279505832049 -0.9999356225200405 0.008716580233136534 -0.007266081589231853 -71.95023130516088 -0.008620240847997585 -0.9998759010682219 -0.013186186142624939 -0.5548052836460937
-0.006991723315740717 -0.01762341718474266 0.9998201851759373 0.859358543490137 -0.9999436505741739 0.008106274755750766 -0.006849699130391351 -73.35030941102033 -0.00798410165798149 -0.999811806261018 -0.017679101479219375 -0.5710114584334074
-0.006507010014476533 -0.02069849223600256 0.9997645641620774 0.864808037617217 -0.9999522913744512 0.007422036616391405 -0.0063545696573383045 -74.75290269566787 -0.007288758402557253 -0.9997582241720856 -0.020745792905368737 -0.5847631867673926
-0.0062357375710795524 -0.022856288834046626 0.9997192702184584 0.8769320725730532 -0.9999587449833452 0.006748539540054034 -0.006082939751434727 -76.1550170592498 -0.006607610887992964 -0.9997159920181349 -0.02289742527800481 -0.6002992852411859
-0.006364641325605237 -0.023132186164534118 0.9997120898052166 0.8860425651656956 -0.9999600452025376 0.006416587316291161 -0.006217746720827404 -77.55140790288964 -0.006270908644077939 -0.9997117963533888 -0.023172099556320373 -0.6103555224894572
-0.0065257136183470964 -0.021898708575516332 0.9997388815468521 0.8945636037334301 -0.9999600770021829 0.006247869482906713 -0.006390300042839603 -78.94569481395716 -0.0061062973631886685 -0.9997406539456585 -0.021938601084176074 -0.6172082202498874
-0.005572347850344465 -0.020732382299004756 0.9997694428141762 0.9012681690772856 -0.999965382362454 0.006292762419212335 -0.005442943978030298 -80.33621220142426 -0.006178465593025735 -0.9997652015973116 -0.020766730720307006 -0.6223471583630276
-0.005446583340219736 -0.019982742918935904 0.9997854803122145 0.911303240348775 -0.9999643627495505 0.006563243322844351 -0.0053163774378750545 -81.72181188244693 -0.00645559922545678 -0.9997787650448464 -0.02001777304098344 -0.6300345394500384
-0.005718774117386418 -0.02002412834594537 0.9997831325952989 0.9202169672562789 -0.9999612853736849 0.006798324760767314 -0.005583634224590617 -83.1081901163766 -0.006685041648866985 -0.9997764070662383 -0.020062229086399933 -0.6380706139112673
-0.005201674291902268 -0.019564162425611285 0.9997950420490314 0.9298426224233326 -0.9999604015706525 0.007321709941771026 -0.0050592617469267225 -84.49468513077369 -0.007221228560816479 -0.999781738626445 -0.019601470735518742 -0.6507126407904454
-0.005564612202789218 -0.019909694240046946 0.9997862107067481 0.9386588026090966 -0.9999529313743472 0.008054859840910752 -0.0054051354934571885 -85.87670479377358 -0.007945523084102365 -0.9997692869343066 -0.01995356846620678 -0.6670536451868162
-0.0062784595866663285 -0.019515845039534147 0.9997897458278449 0.9508208553202326 -0.9999409251012537 0.008997606700967237 -0.006103773578130759 -87.26131877173685 -0.008876594712158754 -0.9997690303018593 -0.019571183601534547 -0.68971228570307
-0.007333871673262945 -0.017374194904255603 0.9998220655355323 0.9589829748195857 -0.9999230839939447 0.010123107685003909 -0.007158699644905233 -88.64036881354414 -0.009996930080589522 -0.9997977975973309 -0.017447108269500296 -0.7068834623444924
-0.008045425295919005 -0.015214354288917799 0.999851809406722 0.9674224848580972 -0.9999050161990186 0.011314227133682036 -0.007873686145466297 -90.01767793385065 -0.01119275767986313 -0.9998202262362519 -0.015303935717042094 -0.7285771830461367
-0.008206582219073433 -0.01321722319466655 0.999878943909803 0.9732288966153355 -0.9998966278258395 0.011912918644405617 -0.00804925171152177 -91.38658052517279 -0.011805087868942707 -0.9998416953352094 -0.013313620819417886 -0.7495882678386999
-0.007524920749991 -0.011921132638392028 0.9999005919997889 0.9799180642675058 -0.9998963708750186 0.012361973314690957 -0.007377504589477514 -92.75253971508215 -0.012272795398239 -0.9998525585669638 -0.012012920265803907 -0.775052536315277
-0.007002504966298007 -0.010693212312093161 0.9999182865871813 0.9863192605117359 -0.9998968060560991 0.012618216378252603 -0.006867413043885969 -94.11457991732277 -0.012543749521728749 -0.9998632445714152 -0.01078046775582973 -0.8004014091333507
-0.00662220511563203 -0.011353038780745226 0.9999135451455095 0.9951286323856604 -0.9998976608987876 0.012758343972087563 -0.006477239441446749 -95.47186524667895 -0.012683705103369277 -0.9998541505606076 -0.011436365176762777 -0.8330229094557057
-0.0059298019111630055 -0.01115618810683702 0.9999200892166977 1.003667783209497 -0.9999035273651264 0.012629583584763624 -0.005788791774872132 -96.82483230693612 -0.012563994662071153 -0.9998579855813222 -0.011230001898037412 -0.8630311732212018
-0.005256522865329202 -0.011886735675176532 0.9999155154029836 1.0124604737608296 -0.9999101761418387 0.012388303193218169 -0.005109225976719856 -98.17637825877665 -0.012326523613120532 -0.9998526228360293 -0.011950787357773988 -0.8921939397358265
-0.005389649541659755 -0.013488910001129138 0.9998944181339151 1.0224755266238876 -0.9999138735370914 0.01203957254409659 -0.005227334124769976 -99.52603354881093 -0.01196779042276042 -0.9998365626939482 -0.013552636915979598 -0.9231338638171976
-0.006766142995818621 -0.01395248335987394 0.9998797627640537 1.02904719409969 -0.999908360544187 0.011816715215037426 -0.006601444880471968 -100.87129472063903 -0.01172318704387352 -0.9998328399918854 -0.014031157850625559 -0.9457206717923256
-0.008328340132612305 -0.015250484071296679 0.9998489831918738 1.0393893886556107 -0.9998984697270044 0.011691147068196838 -0.008150427588846123 -102.21648984806288 -0.011565083556186549 -0.9998153353395111 -0.015346301581241586 -0.9750003600995889
-0.007017764958751491 -0.014726824006997274 0.9998668853667682 1.0470289539467235 -0.9999090515315432 0.011617046599294717 -0.00684695535526921 -103.55686907438346 -0.011514665336062801 -0.9998240401979086 -0.014807009689299738 -1.0006057828367674
-0.00437482851883052 -0.014613586485578214 0.9998836053407781 1.0558097837207612 -0.9999250530533486 0.011497557529974247 -0.004206969375550947 -104.89525145201551 -0.011434740582502599 -0.9998270717781667 -0.014662789317373802 -1.0274442277944007
-0.00319709184755796 -0.014078824788609143 0.9998957408593658 1.0615410428540233 -0.9999290174072447 0.011522518629752152 -0.003034957381165254 -106.23147110610044 -0.011478588115980149 -0.9998344500057894 -0.014114662534615583 -1.0457065502137357
-0.0044976597432164235 -0.01194537286442331 0.9999184915972616 1.0759323611773723 -0.9999258327337458 0.011371546312957321 -0.00436184375687682 -107.5760935726319 -0.011318515197949987 -0.9998639702239487 -0.011995631174072366 -1.0728002093215754
-0.006604139865330592 -0.009579884763503122 0.9999322359830597 1.0883275871647844 -0.9999210078459566 0.010756312315042017 -0.006501013511718869 -108.91737614643142 -0.010693305127855015 -0.9998962258884312 -0.009650163869161166 -1.09760573182258
-0.007264386689249195 -0.008009005695975051 0.999941539395363 1.1028914818374511 -0.9999258710355186 0.009825889755713234 -0.0071855739050426795 -110.25562919997502 -0.009767765667688881 -0.9999196143615758 -0.008079790819425172 -1.129006424518093
-0.0058178430150117024 -0.0071377826699149036 0.9999575489263786 1.1146969296986498 -0.9999421487597263 0.009092001594054136 -0.0057528519181168705 -111.58751525148463 -0.009050552957335239 -0.9999332037473461 -0.007190265730394387 -1.1579296664049417
-0.0034188257426103572 -0.009056231471954088 0.9999530676919679 1.1267300330096652 -0.9999588901455974 0.008423502549311908 -0.0033425563559823426 -112.91573863808854 -0.008392835988537488 -0.9999234821225685 -0.00908465793492981 -1.1858794903675325
-0.0012217794123709066 -0.01102079754723014 0.9999384803571925 1.1349463644659128 -0.9999724371054152 0.007333130943312356 -0.001140999559996796 -114.23921738239171 -0.007320104267196887 -0.9999124157493389 -0.011029453642853626 -1.2028053032398869
-0.0009998688784517095 -0.014068882586233095 0.9999005306042196 1.144776525795744 -0.9999819446621895 0.005939956149909347 -0.000916374412664554 -115.57076042319474 -0.005926471958124347 -0.9998833583669092 -0.014074565520113443 -1.2193347958518128
-0.0031723206071595424 -0.015509586865620947 0.9998746139370291 1.1536044165477901 -0.9999848189197394 0.0045521089794487045 -0.003102059482653687 -116.90389584827972 -0.004503425244705245 -0.999869381047193 -0.015523790790503589 -1.232031394923186
-0.005609182584084506 -0.015609608222111913 0.9998623355891592 1.1608473531786543 -0.9999783860266969 0.003524532431611018 -0.005554806742057002 -118.23856328593051 -0.003437339071644917 -0.9998719495742987 -0.01562903959065818 -1.2405685167888079
-0.006306031766369447 -0.014619617757939171 0.9998732325680958 1.1640060055008568 -0.9999766318082125 0.002741664709488138 -0.006266596175653495 -119.57258403825614 -0.0026497007276608253 -0.9998893282571581 -0.014636563926200764 -1.246193519814253
-0.005552826194324416 -0.015138531924086977 0.9998699723477342 1.1730256503405958 -0.9999832926006607 0.0017163580564154702 -0.005527467240361886 -120.91581200078065 -0.0016324558392006344 -0.999883911111382 -0.015147807219285964 -1.2576587552824223
-0.005072774932612246 -0.016913675070898172 0.9998440550225736 1.1961046929575851 -0.9999870244918068 0.0004885570101113135 -0.005065235039477741 -122.2798112905803 -0.0004028079820801395 -0.9998568018044922 -0.016915933214826654 -1.2804741231451993
-0.0046920141486950645 -0.018953967398334978 0.9998092897380614 1.213768751198184 -0.9999886891407662 -0.000636090235133895 -0.004704915286438286 -123.63570443047135 0.0007251473110806038 -0.9998201391003834 -0.018950771065449352 -1.2981365130817033
-0.0036142774032218916 -0.019714895178153356 0.9997990927958549 1.2323690729043284 -0.9999917779949519 -0.0017637295688811398 -0.003649753348634428 -124.99507044795374 0.0018353310790625416 -0.9998041055962572 -0.019708352874163566 -1.313115772169549
-0.003041409809929159 -0.020815410085880746 0.9997787101134781 1.246851387170409 -0.9999911210889695 -0.002853070297151461 -0.0031014577143848696 -126.348766613681 0.0029169978528555663 -0.9997792983426863 -0.020806544717441897 -1.3237800160263677
-0.0027689510497766697 -0.019984330263700893 0.9997963805934985 1.2751990419702612 -0.9999887919031211 -0.00377337226061751 -0.0028449077226553815 -127.70436950438196 0.0038294581253436374 -0.9997931709951944 -0.019973658019646616 -1.3390710245364748
-0.0035510547040456105 -0.019469748162192945 0.999804115280554 1.296459263067544 -0.9999830732355661 -0.004534140342008798 -0.0036399864073655853 -129.06172580390594 0.004604127098650148 -0.999800136273477 -0.019453313679506593 -1.3486047576665654
-0.005067532113762596 -0.01852098701622938 0.9998156309487615 1.3204955249054229 -0.9999722571378992 -0.005360884613717409 -0.005167634373098898 -130.4194512559496 0.005455601275180902 -0.9998140503058033 -0.01849331073300854 -1.3596396349606004
-0.00513472160531375 -0.0175277248478551 0.9998331238107775 1.3355656886764333 -0.9999700871885082 -0.005689973913499973 -0.005235172658570245 -131.7683311223852 0.00578079428188448 -0.9998301497950223 -0.017497981426261685 -1.3638302469803503
-0.0055205543574759755 -0.015453041877665493 0.9998652873785886 1.3526167041365837 -0.9999681028632895 -0.005684075916214566 -0.005608968787181967 -133.12254986924177 0.005769984185392686 -0.9998643853501004 -0.015421168650900732 -1.3675799983477241
-0.006045753761168177 -0.013785550885890046 0.9998866223279376 1.376753334201234 -0.9999668407537511 -0.0053719706518527656 -0.006120301628717762 -134.47451229443374 0.005455735732884943 -0.9998905229081255 -0.013752615349440039 -1.3750752986057933
-0.005681595081585059 -0.012268655074158768 0.9999085377314284 1.4008086597884026 -0.9999716951696761 -0.004852652045593519 -0.005741494867320301 -135.82789628163943 0.0049226542736520475 -0.9999130011433295 -0.012240737381149065 -1.384126156551722
-0.005605855470262013 -0.01066474031762665 0.9999273990548735 1.417481587994097 -0.9999775685378849 -0.003617411535948896 -0.00564471721129943 -137.1740515926846 0.0036773482694398016 -0.999936592579347 -0.010644221053146684 -1.3902585914508814
-0.006615659151810732 -0.009403772254013672 0.9999338342159618 1.4350922055307627 -0.9999747227690012 -0.0025506572402929167 -0.006639915670913262 -138.52608753405008 0.0026129345964594018 -0.9999525263530473 -0.009386660113147862 -1.3982132776180134
-0.006927345880466597 -0.007829260398805504 0.9999453138621051 1.4508345608523499 -0.999974702340103 -0.0015465242045809983 -0.006939658299413011 -139.87645947405375 0.0016007734518157734 -0.9999681183257548 -0.007818348949824715 -1.4056858853433514
-0.006837032837058684 -0.007068628813185502 0.99995158954455 1.4726651723265614 -0.9999766023673018 -0.0002559741057820062 -0.0068390108598992624 -141.22692852520927 0.0003043059623589696 -0.9999749905793067 -0.007066713455968434 -1.4167692473510085
-0.00637412655725846 -0.006793460961249903 0.9999565692805429 1.4882802760165308 -0.999979193045716 0.0009896942420590843 -0.006367546749226826 -142.57632018740554 -0.0009463923575800678 -0.9999764646425331 -0.006799628748935393 -1.4276619487938063
-0.005873085194681586 -0.006402580474605199 0.9999621674676861 1.502447573995298 -0.9999807660028973 0.0020218284069718367 -0.0058602475551195075 -143.92409087870163 -0.001984230463130909 -0.9999774221279951 -0.006414332194186566 -1.4398379524733322
-0.004094874857772185 -0.00475679253543632 0.9999802271775239 1.5181940795940454 -0.9999872001412335 0.002976685207263932 -0.0040807434755351455 -145.27198114014757 -0.002957214481861952 -0.9999842905681234 -0.004768922231905233 -1.4518933085324814
-0.002643133204333835 0.000782337598159699 0.9999961066352767 1.5381035450970488 -0.9999883120834028 0.004044515528827092 -0.002646275926142807 -146.61534292165817 -0.004046569122059134 -0.9999915247552 0.0007716360047707368 -1.4618729034664546
-0.005444949456542737 0.007586903203976381 0.9999563899892081 1.564162697260154 -0.9999719336646343 0.005109819199365141 -0.0054838035605994 -147.96846977439768 -0.005151200497502782 -0.999958124223888 0.00755887008901295 -1.4723352550423516
-0.006365032453249158 0.01524017563675565 0.9998635141019209 1.5796384336097211 -0.9999580404875296 0.006487831794564071 -0.006464522740502332 -149.31789647723932 -0.006585466769858334 -0.9998628099167379 0.015198239348227179 -1.478463186620492
-0.003927060291064069 0.01857069305593503 0.9998198291825888 1.596875661127312 -0.9999623100282449 0.007672781058024687 -0.004070134047473286 -150.6629459575489 -0.007746983283097081 -0.999798088093098 0.018539855942378836 -1.4916222324271464
7.07500815749385e-05 0.01864604488128454 0.9998260890931275 1.6113591427645464 -0.9999719621962154 0.007492803188116356 -6.897501894919658e-05 -152.00633743151838 -0.007492785719621819 -0.9997980987121848 0.01864604721706494 -1.5091647697067292
0.001823814926576471 0.015094195223116435 0.9998843693568873 1.6357243805878685 -0.9999762684065847 0.0066719217538473725 0.0017232626010194037 -153.35193491461254 -0.006645138356614436 -0.9998638165246847 0.01510600094347353 -1.5339971023904195
0.0018071434974684234 0.014835030039880893 0.9998882940646794 1.654594045724645 -0.9999809789070849 0.005919913578811758 0.0017194774701806469 -154.69907654847964 -0.005893743015624178 -0.9998724680929066 0.014845445045841251 -1.548913694428217
-0.0013397053801145241 0.017557186549892904 0.9998449580308951 1.6739638249568327 -0.9999852041383605 0.005249189389941703 -0.0014320692305226238 -156.04809988555195 -0.005273517932628221 -0.9998320390016969 0.017549886510383375 -1.5557191773234589
-0.004587404162698738 0.02300215888906283 0.9997248529951421 1.6885023427426638 -0.9999780902543347 0.004663662129301879 -0.004695870035450958 -157.39853681137697 -0.004770393069006388 -0.9997245508309117 0.022980255989974337 -1.555448063371285
-0.005298292242482334 0.027156511672747873 0.99961707150714 1.700467030550408 -0.9999746641442047 0.004609821141398868 -0.00542542104521368 -158.7477796989415 -0.004755390596157007 -0.9996205594897717 0.027131390249758157 -1.5525754135609489
-0.005665728847257386 0.028952368361267897 0.9995646609374915 1.7115786327036613 -0.9999723665911997 0.004642135129394708 -0.00580249827737207 -160.09467559392255 -0.00480810940499171 -0.9995700093137447 0.02892526204163548 -1.5520124407860163
-0.006053436133563215 0.027390099825157086 0.9996063963610146 1.7258252266039695 -0.9999736793544205 0.003836529839351767 -0.006160781504696242 -161.44528241198756 -0.004003763309563567 -0.9996174969388075 0.02736614821182632 -1.5547090863367499
-0.005722781725647619 0.023441549631350787 0.9997087808867544 1.738264891987353 -0.9999796344213081 0.00267235169111682 -0.005786994308384539 -162.79519137388684 -0.002807228383392949 -0.9997216586291717 0.0234257731561544 -1.5625045251534506
-0.0033390265445698538 0.02000663991417089 0.9997942143822475 1.7528306295093454 -0.9999926581061508 0.0018102323348293864 -0.0033759126918521815 -164.1459010017013 -0.0018773996612881877 -0.9997981921993331 0.02000044830714056 -1.5645263958152584
-0.0025037808506154806 0.017162850446309663 0.9998495426672825 1.7646705582630293 -0.9999962195272676 0.0010936227592359795 -0.0025229208543051497 -165.49721073647646 -0.0011367576336731168 -0.9998521395134419 0.017160040409242072 -1.5653238419643274
-0.003853157204442204 0.015149670372814037 0.9998777299044267 1.778658379997274 -0.9999922528561369 0.0006982405624036833 -0.003864177681324004 -166.855804561689 -0.0007566945921771797 -0.9998850056226938 0.015146861575334672 -1.5651188711358492
-0.0036579903211803036 0.013513795910686577 0.9999019543639767 1.79364455587254 -0.9999928091030055 0.0009435991403961474 -0.003671075332258533 -168.21700032430786 -0.0009931164066575204 -0.9999082268191417 0.013510237332531063 -1.5631094341797276
-0.0012408806604859383 0.011601039358209287 0.999931883569322 1.806046837730501 -0.9999980897579238 0.0014724498329524909 -0.0012580466082300736 -169.57718890882498 -0.0014869428086297931 -0.9999316255995226 0.011599187253696212 -1.564434857704822
0.0016699223294581178 0.008118449233418387 0.9999655915710712 1.8213936689999497 -0.9999965427956035 0.0020200102681012986 0.0016535730744451818 -170.93674592137558 -0.002006515349869005 -0.9999649831741272 0.008121789034546863 -1.5694297673069002
0.002971821057519723 0.003222860010677257 0.9999903295807915 1.8280038870671151 -0.9999930822165733 0.0022387664040920572 0.0029646129882832358 -172.30119956189438 -0.002229188702198097 -0.9999923296993671 0.00322948845887119 -1.550328714711399
0.0021229253850642447 -0.0013720370108778156 0.9999967568606382 1.8448508399349972 -0.9999958516375596 0.001960673332839583 0.0021256136222528865 -173.67026600811957 -0.0019635823532264847 -0.9999971692196853 -0.0013678705266801953 -1.5361559984181563
-0.0003587186756826004 -0.004701111957353707 0.9999888870566842 1.859840997375076 -0.9999988574015638 0.0014604077799363 -0.0003518572504212791 -175.04695765971806 -0.0014587364504307753 -0.9999879022398325 -0.004701631059347511 -1.5348782528653429
-0.0023354864762200004 -0.005062046700899123 0.9999844368738179 1.8710509112091434 -0.9999963978560042 0.001347089478591845 -0.0023286953233259814 -176.42683613093197 -0.0013352799172183353 -0.9999862741114022 -0.00506517451642839 -1.5244042506288453
-0.003675835781713501 -0.0021986859931836748 0.9999908262327216 1.8653737500260288 -0.9999910271994115 0.002113396288434667 -0.0036711898727200864 -177.80361960255433 -0.002105303715686444 -0.999995310480255 -0.002206435392171399 -1.514100446004586
-0.0035236184397713704 0.0003718102673360875 0.9999937066308405 1.8628709733191107 -0.9999867405509392 0.003764706284153021 -0.003524993262455642 -179.17922144601272 -0.0037659928492961964 -0.9999928384185865 0.00035853832630189895 -1.5027302401955795
0.0005901591578910004 0.0008103777321804501 0.9999995001323773 1.868135971778511 -0.9999829111363704 0.005819178492946401 0.0005854323736758382 -180.5603272263149 -0.0058187008963479165 -0.9999826915791075 0.0008137973758489464 -1.5027875633376637
0.005100527586068442 -0.0002460851761151841 0.9999869326883658 1.8760877085298444 -0.9999602096261728 0.007311147346229133 0.005102187734739251 -181.9395157105231 -0.007312306279890842 -0.9999732811825328 -0.0002087855633710863 -1.5062216983551373
0.006013591582381477 -0.0050240037404809855 0.9999692194656472 1.8902417672359069 -0.9999503299015755 0.007911675410377643 0.006053226380871187 -183.32795561991418 -0.007941842919149088 -0.9999560511409675 -0.004976177608185557 -1.5199867871354877
0.004613853751829211 -0.009086477719666076 0.9999479863583717 1.9053720514896662 -0.9999565388002946 0.008054339938164826 0.004687080954372824 -184.72227209607465 -0.00809650988758345 -0.9999262261298795 -0.009048921441884352 -1.533435115022941
0.0015394657162513092 -0.01079227110217023 0.9999405112964568 1.9178284296545463 -0.9999681804177565 0.007812096620399325 0.0016238230667190523 -186.118146297734 -0.007829156392184278 -0.9999112159766551 -0.01077990076270298 -1.537736266682289
-0.0006367553627471489 -0.011579096129129631 0.9999327496560321 1.9337896138679969 -0.9999722280192063 0.007426679206702857 -0.0005507821449654024 -187.51789378706292 -0.007419801390615526 -0.9999053348874103 -0.011583502993934904 -1.5411556334537078
-0.0014499825094339966 -0.010936472607659684 0.9999391038025508 1.9518392664173976 -0.9999720896701054 0.007350536691288815 -0.001369636077794506 -188.9196252033874 -0.007335109808874439 -0.999913125563181 -0.010946824007276673 -1.5499747994348916
-0.002227715320054978 -0.009440467277855764 0.9999528650042974 1.968299472534716 -0.9999702369317275 0.007404887413825433 -0.0021578446415269703 -190.32435418847453 -0.0073841670777409435 -0.9999279947144973 -0.009456682084126729 -1.5565892458591581
-0.002659847384823163 -0.006852728126728943 0.9999729488718304 1.9853766346174317 -0.9999692553596591 0.0073983977339818294 -0.002609136564105707 -191.7325768703542 -0.007380317454766599 -0.9999491212584498 -0.006872195688393201 -1.5610539322255719
-0.0026654095311201094 -0.0041928017208636235 0.9999876006973384 2.004269977773109 -0.9999719954354884 0.006997988064968665 -0.0026360268675674663 -193.14127353836216 -0.006986847745182313 -0.999966685070822 -0.004211336629021942 -1.5674113828766594
-0.0036229217797413586 -0.0011979546614334612 0.9999926719566613 2.0257391203386756 -0.999971396216189 0.006643237113235391 -0.0036148860856287865 -194.55996561006606 -0.006638856325523536 -0.9999772521758405 -0.001221989752754885 -1.5732130005244194
-0.005423744434471104 0.0028722016462765136 0.9999810814353571 2.0447504266387106 -0.999965955383914 0.006197618625443982 -0.005441462722895776 -195.9798045119856 -0.006213129648828538 -0.9999767088122148 0.002838487479279635 -1.57838876764338
-0.005455040918215269 0.006305700596250043 0.9999651541617907 2.073098304177798 -0.999967354415687 0.005930645897202551 -0.005492448496725393 -197.40176193540424 -0.0059650733235137015 -0.9999624960897314 0.006273140555642751 -1.587929500539277
-0.0012373641468298047 0.004443440424007986 0.9999893202542897 2.094650729751035 -0.9999827546786637 0.005729166040735839 -0.0012628143009846124 -198.82182513990378 -0.005734716003742251 -0.9999736749686616 0.004436270068475266 -1.6012457892255951
0.004366894665662293 -0.002093967561667927 0.9999882756540517 2.132898349156701 -0.9999764381199212 0.005286909773426668 0.004377911517482728 -200.24476688058502 -0.005296014083391724 -0.9999837768704988 -0.0020708310892827795 -1.6257572196011947
0.004862908322483166 -0.011437627684112748 0.9999226900197711 2.164469330317358 -0.999979328928011 0.004138734277465792 0.004910522847926472 -201.67801259032314 -0.004194577596723364 -0.9999259738494916 -0.011417264589976626 -1.6528338735323471
0.0006364254516135327 -0.019707393751393305 0.999805494593902 2.1943596828246195 -0.999995868331196 0.0028053977615092457 0.0006918449684592434 -203.11599163565876 -0.0028184853342817376 -0.9998018096224126 -0.019705529028578722 -1.6791407349766394
-0.001756248462806187 -0.021191915314144494 0.9997738490645188 2.2079099568083755 -0.9999964022243577 0.0020823462808586945 -0.0017125002287693369 -204.55398552540638 -0.0020455834220310387 -0.9997732679859099 -0.021195493907822476 -1.6916385611059455
-0.0017149482131688907 -0.019152428880563052 0.9998151036851174 2.219663429000895 -0.9999952799372646 0.002597480293995669 -0.001665500288581216 -205.99202350789298 -0.0025651009731024726 -0.9998132383090444 -0.019156784377559365 -1.6964721717011102
-0.0017702285197620036 -0.01605239514447536 0.9998695285623266 2.232205813703207 -0.999991576789943 0.0037393825133304917 -0.0017104101227523795 -207.4400764157246 -0.0037114372920625223 -0.9998641430662292 -0.016058877933521374 -1.700480113468654
-0.0016968569995905183 -0.013564642543421634 0.9999065460931874 2.2423120986440823 -0.9999869779657222 0.0048427691008220575 -0.0016312970155835395 -208.88978396642472 -0.004820187884119759 -0.9998962823832773 -0.0135726819158019 -1.7072320815750675
-0.0008209381609679605 -0.013924136858540732 0.9999026690305636 2.2533521194394046 -0.9999854194834441 0.0053510798875696045 -0.0007464897261609648 -210.345127870711 -0.005340164326232137 -0.9998887283268997 -0.013928325824128708 -1.7168274495994602
-0.0009604730931835405 -0.015368073696524116 0.9998814253028657 2.2757880601744818 -0.999984646778862 0.005470338866683495 -0.0008764945387298745 -211.80701643909734 -0.005456219284595411 -0.9998669114861131 -0.01537309107735654 -1.7308840122221598
-0.0019414893359904013 -0.01661774542600148 0.9998599820887812 2.296756051384463 -0.999982516227339 0.00561268726599529 -0.0018484444366880905 -213.26765201060297 -0.005581182740520555 -0.999846201240227 -0.016628349278200293 -1.7452957765742636
-0.0018058232175317815 -0.016027898709721405 0.9998698887099583 2.3207620719651283 -0.9999814746856244 0.005842233951409811 -0.0017123741504382368 -214.7367383946068 -0.005814027098390342 -0.9998544712856843 -0.01603815040941511 -1.7584793598358766
-0.00040511564683929366 -0.0156059643875564 0.9998780678481721 2.339937105273757 -0.9999806496449128 0.00622024290726698 -0.0003080718451025277 -216.20901838874153 -0.006214676652406688 -0.9998588182766592 -0.01560817990953312 -1.7672843691683533
-0.0003086927435363813 -0.01485443917806087 0.9998895429922896 2.3547007494885914 -0.9999794858619079 0.006407970089699376 -0.00021352281151214964 -217.6842666564423 -0.006404090823530342 -0.9998690796630746 -0.014856111081567779 -1.7747550466627902
-0.0006548782174017531 -0.015202829622117015 0.999884167780516 2.3730024659073687 -0.9999763005436758 0.0068629997903843715 -0.0005505899798006328 -219.1648381770135 -0.006853833694371791 -0.9998608707759787 -0.015206962681304878 -1.7882594082949412
-0.00010889229207213815 -0.015233640711369902 0.9998839072445959 2.3925803228099185 -0.9999740213943737 0.007200810804832382 8.03513135909156e-07 -220.64224406329086 -0.007199986201558829 -0.9998580414920784 -0.015234028504156664 -1.8036618180184603
0.00016122321974238363 -0.01528321686986332 0.9998831016962045 2.413574275051254 -0.9999726078532327 0.007396759598729666 0.00027429789394743664 -222.12849575021454 -0.007400086838347413 -0.9998558390543132 -0.015281605023120984 -1.8170339178823458
9.97416246619671e-05 -0.016379326063527225 0.9998658042832225 2.429739467943216 -0.9999699420196216 0.007750277605092324 0.00022671303490711097 -223.61272991693568 -0.007752950390974305 -0.9998357899413215 -0.016378058723623922 -1.8304644147230258
0.0005044073463313003 -0.016020509447906284 0.9998715088919339 2.445989697706581 -0.9999671278490706 0.00808584914979628 0.0006340111484393475 -225.10234842536855 -0.008094966988719319 -0.9998389133778203 -0.01601590185017266 -1.841146370073967
0.0003887075863583426 -0.01652147878984489 0.9998633681758086 2.4601595073065883 -0.99996494949648 0.008354335546259287 0.0005267917459914916 -226.59268730247885 -0.008361897144826122 -0.9998286086558403 -0.016517658154310597 -1.851903203257406
0.00025337531968189675 -0.015577121128929984 0.9998785431448725 2.4788389887981563 -0.9999641935286316 0.008455669834318686 0.0003851285663363036 -228.0839782065244 -0.008460641923000433 -0.9998429220041535 -0.015574419798712682 -1.8607413722555435
0.0008927776156875998 -0.014324999295479507 0.9998969355238978 2.493137218317999 -0.999964831299425 0.008330495474641954 0.0010121852657265014 -229.5749748361282 -0.008344136398571126 -0.9998626416176732 -0.014317056777328054 -1.870011471757098
0.0005447707155594073 -0.013193966208578392 0.9999128087606346 2.504756324750005 -0.9999664946501998 0.008160794710539966 0.0006524813238007827 -231.06943439546433 -0.00816869111077592 -0.9998796457155565 -0.01318907687588108 -1.8771489656025382
-0.00020114673292046035 -0.01160533513442686 0.999932610665713 2.5184745576338883 -0.9999682986818186 0.007959531030681607 -0.00010877647432230744 -232.56634075950035 -0.007957731445860271 -0.9999009748531396 -0.011606567755600905 -1.8842901497640019
-0.000635599374877814 -0.01144602752629241 0.9999342365704457 2.5347711573810896 -0.9999680254927931 0.007972098573137259 -0.0005443669057511099 -234.06223577062968 -0.007965342698750003 -0.9999027112082791 -0.011450728914392777 -1.8928869206729966
-0.00047794523786117674 -0.011821834179686769 0.9999299969312462 2.5549050913154248 -0.9999674198200886 0.008057278163765055 -0.0003827070437635574 -235.56359993052294 -0.008052188654925244 -0.9998976877364728 -0.011825299815119816 -1.904639282584151
0.0007559416088892936 -0.012515539134267051 0.9999213826426884 2.5758246100802453 -0.9999689533396493 0.007828551771002864 0.0008539611969071081 -237.06929679595254 -0.007838623134123184 -0.9998910126312257 -0.012509232193196959 -1.9159725832533436
-3.9438630829933576e-05 -0.013790151968801612 0.9999049102204413 2.5966178360436287 -0.9999731964088808 0.007316285962114209 6.145935411572788e-05 -238.57483368637577 -0.007316436499429745 -0.99987817368603 -0.01379007100416961 -1.9286013220972855
-0.0024634954418468174 -0.014107453762718906 0.9998974040421215 2.616898390721289 -0.999974701522986 0.0067027496727352365 -0.0023691179107997503 -240.08559736512333 -0.006668639163645616 -0.9998780079561805 -0.01412360821143056 -1.939559159351872
-0.0028470350288743824 -0.013842195489726278 0.9999000808747943 2.634136438758146 -0.9999770423861903 0.006193024465749517 -0.0027615196131413385 -241.5967002622224 -0.006154179336926293 -0.9998850451512609 -0.013859509216124746 -1.9482077804616955
-0.0012529651582022555 -0.01409699215639425 0.999899761779976 2.652989696928441 -0.9999830320327908 0.005701191455937999 -0.001172691839436568 -243.1128674964853 -0.005684087207342114 -0.9998844054571083 -0.01410389645018825 -1.95751009753405
0.00011308116277185579 -0.014068428903871399 0.9999009571385228 2.670402056178356 -0.9999868253539503 0.005133521227811778 0.00018531843672243802 -244.62765312463915 -0.005135619776505525 -0.9998878077880595 -0.014067661379163605 -1.9647833314639584
-0.0003417731329836281 -0.015100154662915217 0.9998858763093444 2.684903615566117 -0.9999882469643759 0.004837563272074426 -0.0002687522114326246 -246.14894795276453 -0.004832951645295492 -0.999874313645208 -0.015101629844830884 -1.971779328861096
-0.0012812149720841243 -0.01460943808085892 0.9998924160492187 2.6998188466773683 -0.9999878269666704 0.00478303606833578 -0.0012114526076330019 -247.67379586329977 -0.004764821980429351 -0.9998818732308823 -0.014615387148000132 -1.976244117727208
-0.002021782322010984 -0.014685814217863857 0.999890060392476 2.713571394796847 -0.999985065697887 0.005099893295478506 -0.001947070605031253 -249.19451079582214 -0.005070737628206743 -0.9998791569710175 -0.014695904729424338 -1.9817553324979766
-0.002352626654105454 -0.015010341606632099 0.9998845489207481 2.7297705225835904 -0.9999832139322936 0.005332529040617303 -0.0022728066076007857 -250.7229086649026 -0.005297796494890893 -0.9998730923469294 -0.015022632432786938 -1.9886297125774572
-0.0024489913474950633 -0.016476259882158215 0.9998612310064737 2.74128232263763 -0.99998311597871 0.005305657816712302 -0.002361860898186495 -252.250753427573 -0.00526600629697295 -0.9998502116513204 -0.0164889741804261 -1.9952657070657112
-0.0024794415524601204 -0.01745773193948664 0.999844471191628 2.7529372819664606 -0.9999840845751979 0.005110183414320161 -0.0023905614564225883 -253.78379667740398 -0.005067654171749018 -0.9998345268121696 -0.017470129561179062 -2.0017654088875974
-0.002504744462956287 -0.018057034794087018 0.9998337356953317 2.762856141432774 -0.999983404777229 0.005228302395868189 -0.0024106956671841873 -255.31542544519436 -0.005183902452224636 -0.9998232920350847 -0.018069829584611466 -2.0078595459169204
-0.0028217146088026653 -0.016478996500142888 0.99986021042474 2.776661394322817 -0.9999826625903394 0.005207439239610421 -0.002736235735892576 -256.85011741237486 -0.005161619937794413 -0.9998506008353181 -0.01649340289372013 -2.012581184537001
-0.0037242323024227254 -0.014980024912401014 0.9998807887550533 2.790769511923675 -0.9999792448964034 0.005303428569201248 -0.0036451436772841623 -258.3885536607061 -0.005248191953473791 -0.9998736756078106 -0.014999465126572435 -2.0174737321224963
-0.0047384800949191825 -0.012157160499137332 0.9999148594883436 2.8042993563467156 -0.9999754436305708 0.0052267625400620535 -0.004675218591738127 -259.92790844955033 -0.005169479432858696 -0.9999124165100752 -0.012181627954533274 -2.0201292573592093
-0.003958058289552978 -0.01061552471696435 0.9999357540192122 2.8158664361897645 -0.9999771741640082 0.00552173126297749 -0.003899601686025829 -261.4629084737686 -0.0054799805836451025 -0.9999283969743947 -0.010637136379418816 -2.0232545829856283
-0.0025432831419020074 -0.00938827285655093 0.9999526758803742 2.82687703247453 -0.9999801995401131 0.00577598810471515 -0.002489124684302672 -263.00085388110364 -0.005752345145801419 -0.99993926174276 -0.00940277669170514 -2.0270131864612733
-0.004348038881899607 -0.007443494603920998 0.999962752304074 2.843844376947722 -0.9999772321699562 0.005198587992550921 -0.004309402811217002 -264.53937916790335 -0.005166317438355093 -0.9999587624934368 -0.00746592886522788 -2.0327833007197134
-0.006874175154936078 -0.006393032089795325 0.9999558786069934 2.8642215020738293 -0.9999652302564673 0.004761769376412011 -0.006843795594033024 -266.08566702294297 -0.004717806260169603 -0.999968259536221 -0.00642554382864349 -2.04190880849902
-0.005867769290763956 -0.004450691264393503 0.9999727985367178 2.891233387975633 -0.9999723312946679 0.004599588664904026 -0.005847292407685244 -267.62676785352795 -0.004573437792805879 -0.9999795189536655 -0.004477558069025859 -2.0472042258415697
-0.004330678442588777 -0.0036088724600927056 0.9999840492095634 2.914182597400984 -0.9999814667280581 0.004289817553490823 -0.004315185599265041 -269.1664917019405 -0.0042741753315509645 -0.999984234866228 -0.003627383490272012 -2.053295128858178
-0.004251462913427612 -0.004586241457032571 0.9999804392287619 2.9426797452799733 -0.9999843620060048 0.003654738595782706 -0.004234718027639724 -270.7061549617128 -0.003635244632218672 -0.9999828283186964 -0.004601708014144751 -2.0622599680255047
-0.004636320681161649 -0.006071047547939918 0.9999707426335888 2.9704747799330353 -0.9999860121790191 0.0025897092402987717 -0.0046206669559409495 -272.2478501876332 -0.002561580503050753 -0.9999782239263056 -0.006082969786721861 -2.0712055382035746
-0.004221155884862554 -0.007778773297033745 0.9999607572150211 3.0010542412172905 -0.9999897821890139 0.0016443638902408023 -0.004208486531313742 -273.79451276349226 -0.0016115612415127515 -0.9999683746760069 -0.007785635013905022 -2.079606799094755
-0.004135352710252376 -0.008980168155394675 0.9999510432048664 3.02555447026444 -0.9999912788763615 0.0006938248279230878 -0.004129286081843665 -275.33705728539235 -0.000656707854173637 -0.9999594594981027 -0.008982958822768733 -2.086700478904838
-0.003775302553678123 -0.00974438987521366 0.9999453923600544 3.0647394020979437 -0.9999928202756448 -9.265394557517996e-05 -0.0037763852936426087 -276.8836851995936 0.0001294491063984748 -0.9999525308861302 -0.009743970420320342 -2.09670628327799
-0.0031715051117990403 -0.010106174673253629 0.9999438255819709 3.094584580791036 -0.9999944973250631 -0.0009324505236681769 -0.0031810892126208174 -278.42565107531453 0.0009645480650976101 -0.999948514767516 -0.010103161856265603 -2.1012759496411997
-0.00271247358031639 -0.009573363457333887 0.9999504542746039 3.132876464540915 -0.9999945569705209 -0.0018485052999485812 -0.0027302906100952437 -279.9758981110698 0.0018745527460404452 -0.9999524138332556 -0.009568296501818866 -2.1059857143180003
-0.0028760884657662664 -0.008992321052171837 0.9999553437851474 3.1578811155443973 -0.9999922042174167 -0.002691312593533297 -0.002900394737430637 -281.52691885755206 0.002717272554720286 -0.9999559862279452 -0.008984510543367998 -2.104392487204622
-0.004189489591028156 -0.00809051565926073 0.9999584963116217 3.183337164411518 -0.9999852439423981 -0.0034343060589068744 -0.004217387818117303 -283.0813396412913 0.00346828610344353 -0.9999613437237093 -0.008076007422498472 -2.100876369174425
-0.004611159526903557 -0.006677760578269034 0.9999669965576422 3.2021752926933362 -0.9999820863875263 -0.003788860165518289 -0.004636530346331753 -284.6323570250743 0.003819702608137452 -0.9999704959720078 -0.006660170061615824 -2.093874932211584
-0.0022555195656532557 -0.0060065489517512356 0.999979332700366 3.2243892737995403 -0.9999898773362397 -0.003876304122273753 -0.002278826683469199 -286.177386971695 0.003889911036483478 -0.9999744249417741 -0.005997745693828788 -2.0881671881838617
0.0003112672574737069 -0.005064531100105727 0.9999870417651643 3.249192571036056 -0.9999937010492567 -0.0035468978942449414 0.0002933055707157006 -287.7320185377292 0.003545368108688906 -0.9999808438868107 -0.005065603055510017 -2.0829784652297523
0.0006145729799222936 -0.005377144049866131 0.9999853425768522 3.2750110084136024 -0.9999962053517858 -0.0027040999771774676 0.0006000382489871829 -289.28601226609936 0.002700840710764125 -0.9999819193964484 -0.005378785529164594 -2.0792052173567606
-6.0930172806158544e-05 -0.0037669452470856617 0.9999928391807466 3.297564715418726 -0.9999980292823483 -0.0020018690211647755 -6.84710404602845e-05 -290.84304733939206 0.002002108611013094 -0.9999908737265739 -0.00376681613320441 -2.075881474262805
0.0005534149254646764 -0.003857544000508157 0.9999923685058876 3.3187382976957416 -0.9999993454176433 -0.0009910090703945786 0.0005495951010971317 -292.40217156097333 0.000988882369864352 -0.9999920198225142 -0.0038580907181918556 -2.0733195343972106
0.000824855242203136 -0.004122196043692123 0.9999911275634616 3.343296089861687 -0.999999555795899 -0.000430302888400074 0.0008230872816066006 -293.96483954493925 0.0004269077076160478 -0.9999913820927206 -0.004122549599949601 -2.0729046452103854
0.0003182950244202049 -0.004159733172302321 0.9999912174999726 3.3699282329699503 -0.9999999159639623 0.00028248406166620383 0.00031947282568458896 -295.5342661874897 -0.0002838093855193718 -0.9999913439728488 -0.004159644474569648 -2.0748108030210783
1.221796351659238e-05 -0.00370993569901463 0.9999930672159537 3.3974196806405 -0.999999322638449 0.0011317018447318103 1.6415549008111418e-05 -297.1061827581095 -0.0011317533507689843 -0.999992453489831 -0.0037099201183249386 -2.077024960910011
-0.0007634336995205819 -0.003059152057828397 0.999994941845728 3.415055493871022 -0.9999973744912796 0.002166915694919092 -0.0007568059497500865 -298.6843748234958 -0.0021645885543375492 -0.9999929854634351 -0.003060799652202913 -2.075351939943673
-0.0023286058022530106 -0.004642536130659805 0.999986471142064 3.4347750129063814 -0.9999935389162181 0.0027479445645946063 -0.002315864718641325 -300.27122180905855 -0.002737155575071346 -0.9999854073128859 -0.004648905142595245 -2.0777198924514484
-0.002903941574735492 -0.005177017998552723 0.9999823157467582 3.4541301024762348 -0.9999935277605326 0.0021248116044464797 -0.002892973929339602 -301.85589151481514 -0.0021097960221592373 -0.9999842894099117 -0.005183155221129965 -2.0815583698292994
-0.002377199221917816 -0.005759852591307474 0.9999804981541606 3.4766479458050656 -0.9999965110600232 0.0011546857703489807 -0.0023705857881129618 -303.44801614592626 -0.0011410082268954813 -0.9999827040927605 -0.0057625779200694265 -2.084302688665034
-0.001927063384054089 -0.00447640036657144 0.9999880385125259 3.4940492359164277 -0.9999978242730078 0.0007590855562259562 -0.0019236842641184933 -305.04472749383916 -0.0007504636863184064 -0.9999896840055826 -0.0044778538803844775 -2.0825242601701466
-0.001054388631733422 -0.0027548849884588876 0.9999956382871201 3.516041331393109 -0.9999992749106121 0.0005641949851033011 -0.0010528392410546791 -306.6440553710688 -0.0005612899846941418 -0.9999960647209688 -0.0027554786446648766 -2.0790336787076322
0.0008804356274837173 -0.001101324912647238 0.9999989908148705 3.5373896189349936 -0.9999996205763372 0.00024144412601702375 0.0008807019627833821 -308.247183261856 -0.00024241241901211313 -0.9999993793604149 -0.0011011125657336106 -2.078571061209753
0.001866421175048717 -0.0008368381422022 0.9999978659047433 3.568813184837776 -0.9999981951541898 0.00023240309868327423 0.0018666142423953485 -309.85472740956635 -0.00023396305077784635 -0.9999996160188009 -0.0008364043167638467 -2.0839481124841894
0.0027847433449241983 -0.001363855144823174 0.9999951261626588 3.596971883356713 -0.9999933396104269 0.002351335174216903 0.0027879445113642627 -311.46913238171646 -0.0023551251728795427 -0.9999962652697189 -0.001357299469126801 -2.0899619496649966
0.002376568265437533 -0.002282420494556893 0.9999944773190261 3.628384753569829 -0.9999869640001392 0.004504046819080347 0.0023868299584162765 -313.0808203218105 -0.004509469278471888 -0.9999872585909054 -0.0022716883400795158 -2.1025582015901767
-0.0007783334370583047 -0.004021200748226105 0.9999915690054462 3.6601602442337384 -0.9999875304061377 0.004941279233677589 -0.0007584608974300871 -314.70497628704237 -0.004938187043373019 -0.999979733038115 -0.004024997649074458 -2.122473816034235
-0.0040631203691517005 -0.002798380702337311 0.9999878220559772 3.686347844027064 -0.9999819535038083 0.004446802919461684 -0.004050651693212058 -316.3325552913505 -0.004435412248830657 -0.9999862112623366 -0.0028163984156880486 -2.134025389124197
-0.004906748202221221 -0.001752113366497587 0.9999863703065472 3.7147841430885893 -0.999979069609034 0.004232270065743828 -0.0048992959649099424 -317.9616777533199 -0.004223626672835449 -0.9999895380830355 -0.001772844803172486 -2.1447286878646303
-0.0035939739445650645 -0.0003247179702606986 0.9999934281623868 3.736699820898439 -0.999985813867763 0.003931413245561165 -0.0035926692724012263 -319.59020782015887 -0.003930220843343 -0.9999921830572328 -0.0003388432570694683 -2.151919812257255
-0.0036309153525329366 0.000441792565076979 0.9999932726783148 3.761598635777215 -0.99998698383651 0.0035839230816015143 -0.0036324748214832912 -321.22025702173914 -0.0035855031541347374 -0.9999934523462048 0.00042877296549054776 -2.1601388275205147
-0.004050723563745142 0.00031495403938058743 0.9999916736510519 3.784679963833789 -0.9999860769112942 0.0033885776354236506 -0.004051767126161643 -322.85212599223553 -0.003389824529349509 -0.9999942167823589 0.00030122193896934147 -2.1672100530856317
-0.003850934214501692 0.000445437647365033 0.9999924240339246 3.812924757843708 -0.9999883645597757 0.002897512756020705 -0.003852208537565476 -324.4781873148614 -0.002899206166355347 -0.9999957189871129 0.0004342727667260458 -2.175281149033655
-0.0032513257305915103 -0.0010015547954157211 0.9999941230645686 3.8379338991685397 -0.9999918200787119 0.0024271137936370327 -0.003248885435877243 -326.1068934377694 -0.0024238454495260284 -0.9999965200669721 -0.0010094390703551176 -2.1832276853013113
-0.0024957023215762255 -0.0017966652949527083 0.9999952684292285 3.868811329790655 -0.9999952966862969 0.0017600483147291487 -0.002492541658402004 -327.7365385334011 -0.0017555607122296836 -0.9999968157681858 -0.0018010503001785975 -2.191158830876473
-0.004293827240046644 -0.0006863808489637182 0.9999905032709405 3.8924402664599413 -0.9999903991070708 0.0009127410916465553 -0.004293199895235163 -329.3635546776931 -0.0009097855282472757 -0.9999993211593511 -0.0006902937811586272 -2.1922333133356413
-0.0054058801659376855 0.00020577981361852207 0.9999853675278625 3.9159131386319856 -0.9999850662169982 0.0007765204109449573 -0.005406038454409759 -330.9905248669456 -0.0007776203861855312 -0.9999996500698006 0.00020157805523152075 -2.1916848302193546
-0.003942949902590885 0.0014385574983979948 0.999991147693817 3.9320431823605175 -0.9999916864061702 0.0010632460293412552 -0.003944480959458367 -332.6092381447329 -0.001068909752825017 -0.9999983545532798 0.0014343521557509927 -2.1912571701087655
-0.004047268192545845 0.0006331892203457219 0.9999915864972849 3.9598034088890315 -0.9999912810149748 0.0010596151792425287 -0.004047937096628188 -334.22943874725576 -0.001062168702072174 -0.9999992716384241 0.0006288933371275569 -2.1955257096960046
-0.0026927661238048814 -0.0017553066780211218 0.9999947930390651 3.9831591850267873 -0.9999956637819518 0.0011817922963990712 -0.0026906943808512975 -335.8426836812274 -0.001177062387194124 -0.9999977519964002 -0.0017584820251379382 -2.2015010790569236
0.0016231268877991791 -0.002945689487949832 0.9999943470378592 4.010067844873564 -0.9999968910955386 0.0018974838251378584 0.0016287188333439242 -337.44994539114066 -0.0019022698920556347 -0.9999938861363411 -0.0029426009202239106 -2.206386517470845
0.0004950267197072549 -0.004523046014031562 0.9999896185362276 4.036623095778678 -0.9999959507618672 0.002787173170840668 0.000507635333675593 -339.0616949704644 -0.002789439104023731 -0.9999858566649115 -0.004521649114523769 -2.2121114183744965
-0.002929596884525012 -0.005058286342569452 0.999982826727452 4.063554526553492 -0.9999889465413865 0.003684801059944385 -0.00291097616493497 -340.66980996991117 -0.0036700123731282547 -0.999980385170117 -0.005069026708768292 -2.2188443599567242
-0.006175932535137739 -0.0062324295273674815 0.9999614250317589 4.0815445050479155 -0.9999697030133616 0.004783943475913182 -0.006146164294847761 -342.28774244009077 -0.004745452776670543 -0.999969101346899 -0.006261786167916293 -2.2252788341468017
-0.0049174188195278854 -0.006705767017243497 0.9999653963820192 4.094822625213691 -0.9999702264232374 0.0059873113683722055 -0.004877290698561274 -343.89439559400176 -0.005954396979664449 -0.9999595838587664 -0.0067350092174698305 -2.232326052843593
-0.0028748298866433236 -0.006038016294739207 0.9999776335577284 4.104661317081955 -0.9999657458020663 0.007784269336682752 -0.002827793512111914 -345.4940567345103 -0.007767020210590203 -0.9999514915015579 -0.006060187783893695 -2.2398768040124293
-0.004434135442695956 -0.0050193031164639575 0.9999775258943474 4.116674933333874 -0.9999435483721424 0.009682538313883054 -0.004385382559927641 -347.09719749852735 -0.009660308376254761 -0.9999405670934808 -0.005061954423941882 -2.2484592392741756
-0.005293974010770417 -0.0033816630405313426 0.9999802029560526 4.134135799763431 -0.9999292373774618 0.0106687000942268 -0.005257624720640027 -348.6971162395101 -0.010650708627169256 -0.9999373894490278 -0.003437905110788309 -2.260389703930043
-0.004336928897574854 -0.0031019071128649423 0.9999857738467782 4.1495798915300774 -0.9999291784068381 0.01109292999957328 -0.004302274823476258 -350.2952708553271 -0.011079425974855707 -0.9999336024248068 -0.0031497968454696455 -2.274568367048853
-0.0034339657995422325 -0.002439932200598771 0.9999911142669816 4.171815984152552 -0.9999303789510751 0.011298284069698445 -0.003406190056404473 -351.88994649208126 -0.011289872277166947 -0.9999331625628861 -0.0024785610191841168 -2.2953142458717
-0.003490941445751976 -0.0023743590661799855 0.9999910313120971 4.191317312920811 -0.9999299125423502 0.011318483214784208 -0.0034638532209454445 -353.48867571982464 -0.011310156583117958 -0.9999331225484355 -0.0024137052602689205 -2.3153124084518053
-0.0033148020229722395 -0.0018810059063790333 0.999992643021325 4.215704448097078 -0.9999309263227562 0.011281985252733493 -0.003293375115700813 -355.08031558945237 -0.011275707644881689 -0.9999346191481421 -0.0019182747785265481 -2.3373796568259113
-0.0027109067688937554 -0.0012339147046608514 0.999995537284558 4.2412214556646175 -0.9999324567231678 0.0113042226144603 -0.002696787664673529 -356.6733437090345 -0.01130084334178215 -0.9999353538384438 -0.0012644769019979907 -2.357764019858301
-0.0020486711620101273 -0.0010503358089744026 0.9999973434249408 4.26695703407777 -0.9999326067352565 0.011425182405273859 -0.0020365397130550707 -358.264463044168 -0.011423011527146223 -0.9999341932099864 -0.0010736728002500064 -2.379097715549623
-0.00240450015655726 -0.0005535511880271609 0.9999968937625057 4.290777376680486 -0.9999327599814332 0.011349485121314633 -0.002398062365029195 -359.8553404276054 -0.011348122111303214 -0.9999354091826925 -0.0005808052480094847 -2.400681027274683
-0.0014030367980512413 -0.0009878903792596982 0.9999984491878561 4.3144067357176805 -0.9999354991098155 0.011274752789632775 -0.0013918093441115972 -361.4466071388854 -0.01127336058629131 -0.9999359328633322 -0.0010036459376961317 -2.423734655664084
-0.00017611669237134085 0.0005276505211262474 0.9999998085365392 4.338876325928036 -0.9999373507402775 0.011191106503442235 -0.00018201167487462227 -363.0319865963757 -0.011191199502917122 -0.9999372772620395 0.0005256445000414523 -2.4433246534795265
-0.0016545674761065908 0.0018870058061319908 0.9999968526816922 4.3647614063820015 -0.9999373227327503 0.011066364569909426 -0.0016753529123858554 -364.6299765620622 -0.011069490219149934 -0.9999369357114327 0.001868576676430882 -2.4628731739656495
-0.0028025868543375757 0.0035571775990457088 0.999989698227627 4.391528919280761 -0.9999334670397698 0.011181958892837345 -0.002842205165770096 -366.2273283874208 -0.011191953422401906 -0.9999311799406291 0.0035256026719577803 -2.485841335136243
-0.0021027900123674783 0.0041036592082789695 0.9999893268689007 4.412476108243975 -0.9999358223704417 0.011126026102981298 -0.0021483349963025387 -367.8247057077415 -0.011134724011477278 -0.9999297027331042 0.004079994312886827 -2.5072187650062228
-0.001232851124747028 0.002983281156275881 0.9999947356123312 4.440221955581972 -0.9999412612009466 0.01075989862225439 -0.001264885952630048 -369.43028036109393 -0.010763615069372895 -0.9999376253326356 0.0029698394743013995 -2.5363349442804353
-0.0024951777492556422 0.0009751872884227854 0.9999963556245903 4.464196578854885 -0.9999438039439783 0.010297641984237023 -0.002505089149887198 -371.0191916816133 -0.010300046936546086 -0.9999464876365933 0.0009494361394211505 -2.563451509804276
-0.002797790515400912 -0.0003630530805246038 0.9999959706605708 4.494397908082005 -0.9999479660609016 0.009808329405488626 -0.00279409541350081 -372.65946725765735 -0.00980727505178765 -0.9999518505596896 -0.00039047716484227456 -2.5938863064693725
-0.0025497057169553876 -0.0007689805468756939 0.9999964229312388 4.518873063996274 -0.9999521638203124 0.009441305975996071 -0.0025423334639922217 -374.26948716284255 -0.009439317000058177 -0.9999550839069559 -0.0007930167076643478 -2.618766131903404
-0.0017529827207235014 -0.0005925282451638416 0.9999982544304361 4.5437784486033 -0.9999561397574501 0.009202625365634697 -0.001747456145430062 -375.8253736884549 -0.00920157368531909 -0.999957466774926 -0.0006086352088349734 -2.6425835440702565
-0.0015090207565962679 -0.0007570054866965744 0.9999985562973704 4.564712562860498 -0.9999590413810381 0.008921312665117248 -0.0015022088478932557 -377.4316905661569 -0.008920161885996454 -0.9999598700196792 -0.0007704371468877091 -2.6631820463824685
-0.0014568221869969327 -0.001141054065899567 0.9999982769308502 4.586392183645266 -0.9999611172803405 0.008699300343659455 -0.0014468423675963286 -379.03744472412205 -0.008697633906506784 -0.9999614684607381 -0.001153683578638905 -2.6809878591815175
-0.001578880558098336 -0.0022957635628878406 0.9999960833550929 4.60696560052455 -0.9999635221708519 0.008397365041967886 -0.0015595511380815969 -380.65180140998194 -0.008393751118474038 -0.9999621123258717 -0.00230893920664084 -2.6990779338577116
-0.0023042061475336243 -0.0035889057343632194 0.9999908661418722 4.63040369442567 -0.9999647025956637 0.008087011666848743 -0.0022751222704633835 -382.2651171989098 -0.00807877213029718 -0.999960824252398 -0.0036074134639586053 -2.718648394095638
-0.0016922711435915774 -0.004745082588770513 0.9999873134178856 4.653708236704446 -0.9999680378430866 0.007824961238450176 -0.0016551085474916967 -383.88584087487004 -0.007817007455496974 -0.9999581431781063 -0.004758172187474241 -2.7370959353436612
-0.001109210193055824 -0.005612176306342802 0.9999835773408546 4.676716238121875 -0.9999708517827088 0.007557988457948197 -0.0010667789298273809 -385.49636698769297 -0.007551876905143061 -0.9999556706630374 -0.005620396537578528 -2.7550447309053214
-0.0012062598203777556 -0.006360946871218537 0.9999790413780064 4.701307510041687 -0.9999731561708035 0.007238331551006241 -0.001160209647011648 -387.11316158858983 -0.007230798890064849 -0.9999535889032136 -0.006369507186217737 -2.772213527906419
-0.0021274328240007546 -0.007606570046783851 0.9999687444077594 4.7229685702446815 -0.9999733148806985 0.007002754576771413 -0.0020741739155566304 -388.7313017980304 -0.0069867578672404805 -0.9999465188484437 -0.007621265002776187 -2.787791675301432
-0.0028467167039724173 -0.008734237977215549 0.9999577800553968 4.742522784962935 -0.9999741682957605 0.006628330218674272 -0.0027888673342677797 -390.3517180081768 -0.006603692021481746 -0.9999398370765201 -0.008752880144841916 -2.8021924122736253
-0.0021804632603371365 -0.009399966229919196 0.9999533867524835 4.760469262904129 -0.9999783084573522 0.00624004343659217 -0.002121858042080715 -391.98182590218994 -0.006219806807507 -0.9999363393960027 -0.009413368908734183 -2.8155578366531864
-0.0023248975519766244 -0.009424262718266163 0.9999528538248513 4.782481176180735 -0.999979468979794 0.005989659673714066 -0.0022685091860527645 -393.60404668949724 -0.005967997230197598 -0.9999376019453444 -0.009437993687642423 -2.82562329720704