0.00021489566992713828 0.001322279419831096 0.0009076003761434902 1.3108280526873801 -0.0039424063560589 0.010135860520850137
0.00034267254383347237 0.0005302620178648798 0.0007463238544662798 1.3147987703890316 -0.0021589232938283853 0.01720296300745794
0.00015745433301218593 -0.0013278133948522175 0.0017648320087748377 1.3164055596676025 -0.005034602351264406 0.014441086021738991
-8.797355000234193e-05 0.00027792992941133576 0.00022200924955959245 1.319408553137066 -0.00417884369185495 0.014031859436551664
-0.0001254169314214748 0.0008266971735855222 0.00029098400506763256 1.320749742445848 -0.004672451731341412 0.00939311218859179
-0.00010516020286367198 0.0010512245443281554 0.0015805328299278198 1.3272631248897984 -0.006650048811341264 0.00901662324310587
0.00018489659189655663 0.0008887004182280833 -0.0003161720814802122 1.3303003076079785 -0.0037972463881829205 0.011450359663164766
0.00026161165772238494 -0.0017156792539645416 -0.0005565770640728753 1.3305787547277284 -0.0027095908417080344 0.012509189747284544
0.00010834535470044493 -0.002646690917268435 -0.00273679760882891 1.3344773241069845 -0.0024953163777257648 0.0066143487569808035
-0.00032162801931264845 -0.0009323932096139131 -0.003448853256269566 1.3378167703576498 -4.5871771888951474e-05 0.003237593822755125
-7.427532972140253e-05 0.00015109047754213734 -0.0024191611467414397 1.3385330051554742 0.00207823716853011 0.008248802559955304
-0.00012707694374515136 0.0007101464082610587 -0.0012265612097468214 1.3503721099683919 0.0007335160969831819 0.011204907635645245
-0.00039498936589548855 0.0026432676017213996 0.0021989301643441203 1.3518561553770105 -0.004813076275100726 0.009555798092278522
-0.00022440593879987416 0.0022245155864368815 0.0038945360498830847 1.352695495522017 -0.007590615071729728 0.011646579401686508
0.0002587956535986546 -0.0021737851948406828 0.002737051366401336 1.3518722447884883 -0.007070289851459563 0.012042481563896978
0.000172324581977076 -0.002388808512918672 0.0014769576864877036 1.3544821658558952 -0.0019103388896645757 0.01609345089667269
-0.0006479504956727088 -0.001506821761222188 -0.002276862967661784 1.3645482381496876 0.0024249344825501666 0.01899955989262636
-0.000792955421979882 0.0013104019002705414 -0.0029957090506089286 1.3666215675080693 0.005096668403880206 0.013340601090386872
-0.0006374377668345552 0.006201202091344227 -0.0013029461204711482 1.377182174864025 0.0017184560922435255 0.014025774229606713
-0.00044298312007661286 3.7626295554149536e-05 0.002488686879617657 1.371643768064068 -0.00475641228297452 0.0169354091162911
0.0003789827694249478 -0.0015879786110428729 0.004290971788528205 1.3743245701583042 -0.00691165397342626 0.020844712130097864
-4.4414072765610085e-05 -0.0025716989139517032 0.0005944365971333218 1.3752624390073542 -0.0032257180208103975 0.018514704561428674
-0.00041824196429608257 -0.002292221974391273 0.00024272363058124057 1.3796671870261576 -0.002348156280451652 0.018310828738429152
-0.0007558230006040109 -0.00040278492705270175 -0.003317485230020039 1.3855972766846776 0.002387785297387396 0.015400535839805385
-0.0004013780195203333 -0.0021100034881911256 -0.0009465580441395864 1.3825054283842846 0.0004869961675037504 0.015632219152598603
7.436691518867586e-05 -0.00046241018863124594 -0.0008939146518936572 1.3932347123671391 0.0004728328933638337 0.016813573173363294
0.00010610286867564957 0.0023033031398551618 -6.814078557509613e-05 1.3974886495201204 0.00020640964331106182 0.017681117759892118
0.00043914450955605884 0.0015971436596944333 -0.0007663837769213783 1.3982814447499123 -0.0010051316819084805 0.014416014471675953
3.8521053377149806e-05 -0.0003137676231748099 -0.002702946949397452 1.3957741483524941 -0.00020229480289248036 0.014700099100133812
-0.00012418184684219672 -0.00017627606959824682 -0.0025376673377821065 1.402902334500311 -0.000808839416520532 0.010160015256013621
1.1040276157834863e-05 0.0005149521458400752 -0.0021527804372485143 1.4068227111377496 0.001903908511996552 0.017304261428658263
0.0002788217277994943 0.00027676207873494896 -0.00110319640975784 1.407723770331586 -0.0007091052988933838 0.014309880215395254
0.0004177474723661749 -0.0004204863414001281 0.0010516131999291226 1.4097207753452778 -0.0040281252318771915 0.01473780050432627
0.0006762542601123075 -0.0006364355385772846 0.0008378496149306173 1.4131204483394342 -0.004388246633558419 0.01149868345030347
0.0009658608705435827 0.0007263935353500894 0.0006331187497431022 1.4159425534321954 -0.004011610976642068 0.011897335723567326
0.0010159521672530414 0.0008450356805536074 -0.0002020713364135464 1.4227684937948766 -0.0016372530415205075 0.013918696350454618
0.0010702962636446659 0.0002463295131038823 -0.000630646604037461 1.422664191244401 -0.001704353117817789 0.01363328576727274
0.0011698841289856773 -0.00039606453298746125 1.658042617361996e-05 1.4261886018885477 -0.002357848645752114 0.013021793759401934
0.0011290444379094945 0.0012641307248035805 -0.00023034435648402974 1.4290277212712539 -0.0031843937739861605 0.010942335839085104
0.0008044120330141487 0.0009524320707032796 0.001396915891386986 1.4276340614839356 -0.003894698357492399 0.015276839354116056
0.0006302099560966834 -9.941824188031134e-05 0.0014975000961106515 1.4320086947677027 -0.0054984589000559025 0.014869928288919088
0.0006057371780659624 -0.000447797416864848 0.0022844887908208176 1.428918588318055 -0.006853993402351544 0.01494598645079992
7.18415112830866e-05 0.00043436642703764683 0.001348245703070059 1.4282260594992664 -0.007831944015288361 0.011950322550158265
-0.00043248962538111293 0.0006390430125060576 0.0012131961140511524 1.4296282864879544 -0.007368951582047312 0.014600838080875977
-0.00038496836241557944 0.0006310386597394579 0.0010240693939562648 1.4248642132715403 -0.006494290342428211 0.01602343827602648
-0.00044435694856484947 -0.0004338781518669066 0.0019282179042185085 1.424045148668199 -0.005677764270735797 0.019498123573386206
-0.0004939279832714676 -0.0008488595160425216 0.0014955692273743695 1.419861540703657 -0.0074285115368703525 0.016054144890243593
-0.0006496452528450812 -0.0005672844626707363 -8.290553809407756e-05 1.417553623038259 -0.005007812514538967 0.01611818770441631
-0.0007949756833217489 6.98043992133357e-05 -0.001742950643947849 1.4137955533286828 -0.002905605472999395 0.014515071201079088
-0.0004598810175443702 0.0013416638515550972 -0.00283218406497006 1.4130469592417825 0.0034204103792768448 0.020425230183838794
-0.0007473212425549248 0.0013228740951296558 -0.0036618362155448484 1.41424916964273 0.0025065732110645667 0.01818897248003304
-0.0007294139121525827 0.0005649156961602397 -0.0036506099603909625 1.4098743251759487 0.003966470783212439 0.018473739082612406
-0.0006412271623848522 -0.00038002256398006473 -0.004496631447710602 1.4000838715547275 0.003922446297878107 0.016316702821056017
-0.0007038247665105088 -0.0004723919613138783 -0.00307078468751978 1.4025860351961086 0.002283296361005299 0.015298978079071102
-0.0006866457317025571 -0.000257118873703055 -0.0021538890515239964 1.4020817451059884 0.004874850350243043 0.02135332430228143
-0.0003336688973762992 0.00013656951731966238 -0.000273896483223508 1.3963428214664475 0.00042155178441229124 0.01783236117076692
-0.00016083804502276604 0.00016483981167247919 0.0012348422149013616 1.3942200465364465 -0.002292949133801306 0.017346702459162477
5.123891691692348e-05 -0.0009547341162077227 0.0011662712125309416 1.3904494635626605 -0.0036969849140522093 0.015701381068945697
0.00027446714002734185 -0.00013148474717783465 0.0007482790565968442 1.3855433054350925 -0.0012417223298398505 0.017734145403695445
0.00023485121961050334 0.00026755644216747143 -4.2674877163896814e-05 1.3863320629362619 -0.0012429607553024746 0.016443189648183143
0.0005257186323549661 -0.0005277404165631161 0.000457051206248857 1.3864708488532642 0.0030206129934099435 0.017618874873917667
0.000731291814105726 0.00034870416243237834 -0.00034941036649140366 1.3820370690048662 0.006046211825680178 0.016126681239822416
0.0009451665049771009 0.00069518099390109 0.0003886580510975236 1.3846612174515514 0.011258401319859584 0.02009560297116275
0.0011408348353875348 0.001033373526050152 0.002134892801030658 1.379069658670005 0.004599772012069861 0.016913877269578492
0.0012081323296028552 0.0006906920749496503 0.0021513274096909866 1.3773582997512221 0.007600056328151639 0.01867624706493909
0.0006147664084649101 0.00015182847345207584 0.001992451399201503 1.3689609588463583 0.005430893414242854 0.016905417645046272
0.0004586274577834455 -0.0006878037729680653 0.0012924638846948196 1.3660637354033156 0.00909926402388933 0.01802233072965742
0.0002646810796309048 -0.0005256222444063319 0.0012260369425405888 1.3621619903981923 0.008431321673382397 0.01675353360988452
0.00013585906356926438 -0.00038178325416104997 -0.0006608333222905145 1.357492769282942 0.015396318785129592 0.018481368013789634
-0.00012762881307562575 -0.0006910126285850637 0.00019771191513349827 1.353152582576712 0.012645324032964755 0.01764509313650775
-0.00024503270289827106 -0.0006705965646953693 -0.0007291528000920143 1.351729717716907 0.011991071073778004 0.016943308612390684
-0.0003571436356961734 0.00013738298314058817 -0.0016004504053871 1.3498628844712073 0.014096379330121811 0.017279657780338464
-0.00022592995760521164 0.0013796934716729936 -0.0004624094325503384 1.3453801629989073 0.006298102906893421 0.01390921815916557
-0.0001361635637879345 0.001564292866405692 -0.0012972630472587916 1.345345205260827 0.01323470730819637 0.01963201012557847
-7.051934623222084e-05 -0.0013096898645841293 0.0005243188448373311 1.3404755579002199 0.00981361822970675 0.018956026783912838
-0.00011901943088630128 -0.0026415137693891477 0.00011408633425366587 1.3385081375065937 0.011156360825291145 0.018340904483641562
2.6583886479356907e-05 -0.001178259572085727 0.0005347029376677926 1.3363032546147053 0.0028121489136878897 0.011619804785935273
-0.00014169960828980805 0.0013027017409583674 0.0021341075497148866 1.3447919824846224 0.01139312669648243 0.018853109250735134
-0.0005999092783577905 0.002113830909832526 0.002368373137750247 1.3414080950588385 0.009401627613889046 0.018542240471567162
-0.0009191709767624763 0.0006691026770611064 0.0015770485812674137 1.3383869595112685 0.016863247399723197 0.023565934236408292
-0.0007289010717173331 -0.0014407824847286754 0.0008765554644778347 1.3319841720112464 0.015739403128915114 0.021608816184418345
-0.0006749508560918112 -0.0023942846917257565 -0.0019145980418566742 1.3283294213284904 0.015785858718722928 0.019874635084915493
-0.0010926636649199151 -0.0021872446071857787 -0.00196093618221151 1.323538420715792 0.00570178355647652 0.01279351578123844
-0.0013960257574392215 -0.0002065365683887599 -0.0030466315823224747 1.3316153913351059 0.006655329632630158 0.011531158033375233
-0.0013923375691972087 0.0021922628715989045 -0.001439491100156011 1.3331777575665598 0.004652155439475947 0.010227361639414623
-0.0010281267924880876 0.002453128088300227 -9.678206510450459e-05 1.3346626686569891 0.0023481220349687026 0.011514776713441588
-0.0007766533930744218 0.0007090738015607112 0.0009944761047695468 1.333993468737205 0.00087317825775024 0.010656362226665106
-0.0010281626032785517 -0.0007382634217538708 -0.000512502376901706 1.3431700063508458 0.007649424636843594 0.017603780817766923
-0.001236779427557114 -0.00046138278302598756 -0.001768537878035766 1.3638854772148363 0.020122228117045893 0.030961108413898764
-0.0011342348284947214 -0.0003616287936589746 -0.002034901301934284 1.355793130595302 0.0166986680826533 0.024827999295147007
-0.0011304105107034863 -0.0010565071410775229 -0.0007557777693271684 1.359252616517395 0.01548869701470168 0.025276346931498495
-0.0010927506623614495 -0.0005514322488753276 -0.001096808530729802 1.3536131370364188 0.012764192927756213 0.01963023622145621
-0.000917937256719936 -0.00025340632559789356 0.0008340373376303911 1.3554600319697983 0.018565196117610983 0.032863878852587014
-0.0007588984876653957 0.0007974337514640162 0.0005167835903524368 1.3572458229177613 0.01422870129069631 0.025307872583268054
-0.0008218336727153357 0.0015327848629917984 0.0009518530744647018 1.3575663716205497 0.016720817716211034 0.029188321944132012
-0.0003238930445179205 7.32012236055457e-05 0.000995080165901836 1.3487432696796873 0.01114190239034274 0.02211540002816159
1.7554244606172944e-05 0.00038558975050340116 0.002074906083575229 1.3540690662996724 0.011155731000369151 0.024203356697349854
0.00032231674224169715 0.0005202899247274129 0.0016659195107228933 1.3517428385740118 0.014805955010792182 0.031832085108777
0.0005280310951280638 -0.00037147828294270546 0.00151385483709319 1.3531443000136107 0.015988593468672097 0.032460194658540775
0.0012442941351630229 -9.101007735501376e-05 0.0015969662561078752 1.3459924206975131 0.012459777095273683 0.024475415407480217
0.0010751088585203871 0.0009984167619869755 0.001255024937337027 1.3518775221247097 0.012657239012421773 0.02532587238866979
0.0010150421493409407 0.0003021657604069805 0.0015678879622541273 1.350214080165074 0.010768559093861763 0.024777815978778595
0.001295722654240516 -0.00010045839788919153 0.0007516873807835219 1.3502659768332137 0.013000626954094097 0.03128786723275434
0.001247395781598712 -0.0004717394167792488 0.00026664577209875985 1.3492499561054672 0.01112746322680147 0.024919832232872974
0.0010344085102663315 -0.0005080867387496912 0.0003842980174699505 1.3476639864763058 0.01074559216279325 0.022831470133263476
0.0009615654989939933 -0.0017844225940431002 0.001640176996184633 1.3477958264937229 0.00922906474269558 0.023722212613876525
0.001082430242314066 -0.0014569134227000458 0.005534731731569858 1.3432926878130615 0.0058859681888308035 0.025438582279073696
0.0011025008078152404 0.002802705433813113 0.006801828201876042 1.353084516397331 0.005009908922806505 0.029631730703686188
0.0014272974176374209 0.0009309605440970259 0.007646178764894426 1.3493360628864366 -0.0006502368310664641 0.02282873185701373
0.0011984886185446293 -0.002420016769641542 0.0033234001737815137 1.3449700330456835 0.00469348475825293 0.02572998767498591
-0.00017997966835871265 -0.00400185259591801 7.607251026032962e-05 1.3434197865275905 0.007500416450211378 0.019623419771028328
-0.0008148220740958287 -0.001768566124971338 -0.0035524143576803357 1.3457474457771639 0.01519933762382003 0.023990790810441087
-0.0007515763817559903 5.327418856060362e-06 -0.0002605601590044311 1.3472431726154923 0.0062113607664691095 0.016320674606922658
-0.0006668576774509085 0.003137301970371098 0.0027213121179399547 1.3490728446439846 -0.0008941345000423873 0.016946968602524315
-0.0005600264120644211 0.00323838107973895 0.005446910847333569 1.3503960199162748 -0.0071045115304712025 0.016474940140444483
-3.133423261585881e-05 0.0007103636410612513 0.004155863868605111 1.3491447598510717 -0.008889056225606318 0.018363280180384578
4.27310466325777e-05 0.0003687387074198245 0.001796367999088765 1.3468002009205406 -0.0064699544580036905 0.018430102014913352
-0.000815231493424168 0.00036426424618452025 -0.0015582875457087982 1.350501808982358 -0.0031617392483397344 0.021999287946503188
-0.0011870438169290973 -0.0003633047972708692 -0.003942686619402134 1.3498292944651666 0.0029542160746912627 0.02053793834271911
-0.0008737285198786801 -0.002404920886578177 -0.0034307271092865474 1.3506045741846435 -0.0012468183562615032 0.0223306831738439
-0.0007237888213814181 -0.0008498987927736401 -0.0028418721620653603 1.3512617904164586 -0.00141202091033521 0.016383449012627338
-0.0004031617484097153 0.0013426617833058874 -0.0020124439314846143 1.3585534333563771 -0.0014506572930037542 0.017416859713645927
0.000239350349669332 -0.00019156419091737042 -0.0016369798632983122 1.361126054451148 -0.0027326100582989454 0.020274685667523773
0.0005264424689975988 -0.002410222462498446 -0.0019148299502500122 1.3601347722292871 0.0002094314316505308 0.0173765151681331
0.0005533098288101451 -0.002904580393257472 -0.0034834521238343847 1.3595428937739484 0.0031707295905427646 0.01699823585381388
0.00023324241699057948 -0.0013000517619115026 -0.0048953033708965515 1.3644217712603677 -0.021802928951517142 0.0045089008005645415
-0.0002683466753614277 0.0008480375029271681 -0.004595710324356404 1.3690754950101223 -0.0171833290822494 0.012833809054939804
-0.00050144710243085 0.0024823361708266045 -0.0033301562234468256 1.3767151640766428 -0.003997549790827115 0.012062048202895026
-0.00011415877863317274 0.0019773282291877248 -0.00036089897447647056 1.3798576340040256 -0.012541758085853338 0.01164606375031041
0.0007768065274482919 0.001336441016731138 0.0028615838501300493 1.3767779670104972 -0.012129574864874426 -0.002523154603005562
0.0016603561115093495 -0.00015586444842519143 0.0025644072660313535 1.375574764487908 -0.014271840590625029 0.002522254075377095
0.002054256067300545 -0.0041130132532412045 0.0004313304489314693 1.3810690213286705 -0.005140176539921826 0.01013333367277447
0.001497382721667335 -0.004509178412213544 -0.0010555922374170521 1.3791895516269506 -0.004585224079844685 0.007141514740276467
0.000629367745425953 -0.0009132351819565176 -0.004774816053669272 1.3885576410102374 0.003610149811010488 0.007072662978287125
0.00016164357055838138 0.001398963519953611 -0.004061648969105266 1.3944451538218345 0.0023403441984664805 0.0067566264852242375
-0.0002394932796888955 0.0030767066013990263 -0.0017069849743482671 1.3959059423252427 -0.0070551949530700195 0.005952075013029967
-0.0003858649405253032 0.0021805136359751565 -0.0007874687619954613 1.3997542539068775 -0.007688155799841126 0.013724154298862867
-7.526594990959588e-05 0.0008141527294149853 0.0006427126098747314 1.4017465488210519 -0.0018008759739818747 0.018922642219753705
5.7572151775148687e-05 0.0007771510740031129 0.0014960029662329799 1.40471430794301 -0.003891655348219475 0.018455580187128007
2.3752075393541565e-07 0.0004321503095690016 0.0025878346149089343 1.4081757453397188 -0.0061245808673665025 0.020157307973294625
-0.00039343164550899545 8.259162527002317e-06 0.002661023308452462 1.4086499464936253 -0.004194440670215183 0.022612005350687525
-0.00034396110639184954 0.0009589674302008522 0.0029957946054441032 1.4186357774836438 -0.004216579758049982 0.025233021477064632
-0.00042352469758392134 0.0018013502890221744 0.0040717544129028095 1.419763783461633 -0.004279449117186751 0.024150049819819497
-0.0002481492191267823 3.058360650265435e-05 0.003434934123163275 1.4218146364115114 0.0008091826691266069 0.036057794786100494
-0.00020384652022720678 -0.004219071356040605 -0.0018611782089777871 1.4199786387807762 0.005029801464043471 0.029267770588685238
-0.00041375813706415844 -0.005606166225710307 -0.00653697205075607 1.42301054431951 0.016528468298611376 0.03993538486933801
-0.0011024727309962782 -0.0004937146277892435 -0.009348834192157504 1.4334932133590996 0.019432669117910084 0.025352055909019455
-0.0013277303277257977 0.0042419603145140705 -0.008277263777920929 1.4382051638779672 0.020011630692794657 0.023127166188377846
-0.0007255994356484873 0.002407442113031788 -0.001485298263921762 1.4380316740735282 0.00819416691549324 0.012799049184276878
0.000518526763694759 -5.230019119784046e-05 0.0020389949631864665 1.438021948906254 0.0015889442945027366 0.014315906358310482
0.0011471911906613054 3.33157717222754e-05 0.0030985354581371614 1.4480347273224936 5.688333739373164e-06 0.015028576944442928
0.0011074392226308155 -9.115910136370253e-05 0.00248605975049648 1.4497024185220937 0.00116781193799953 0.012692991758877614
0.0005080487679217821 -0.0008828920631194226 -0.0003603928746727647 1.455352369542254 0.0023967255459650394 0.013543322052113282
0.00011798920364406048 0.00013790583649009314 -0.001444189374686291 1.4619238545817268 0.005919916300242356 0.02372082831170408
0.00014003511866196507 0.0009789807064710665 -0.0012499673796192343 1.4606716601159917 0.006097439168022856 0.022467296984927998
0.000230559710455746 -0.00013951706144244014 0.0005894771372420759 1.4690877422753488 0.004537109299442399 0.02693740701269931
0.0003781459863643383 -0.001406950534272866 0.00042130254327477263 1.4722692654616765 -0.00010500995067991292 0.02183484920220291
0.00018788975595694705 -9.936707920932264e-05 0.0007515355956740247 1.4752600411355274 -0.0019371793131589543 0.015332933166816165
0.00045484697214100313 0.00033946695861586385 -0.00034857120884704723 1.48062186330705 0.003743275449995309 0.018816456310860374
0.00033781943044376787 -0.0005511848848658296 -3.103649135159936e-05 1.4774636087961142 0.004963193253735149 0.020623259056241405
0.00019596765260742583 -0.00027313373904602756 -4.960437351203165e-05 1.4863072248792832 0.002348171219235695 0.021194031311952077
0.00035377209713427613 5.6081911751659774e-05 -0.0010961896785716013 1.4842954978795717 0.002202982661577202 0.015961424517974443
0.0003353542001433859 -0.0004102135862584788 0.000358896205375705 1.4896581663332995 -0.0011309219415176208 0.016085283674603712
0.0002687581388026229 0.00011140825045674596 -0.0005009044661836543 1.4903840508614792 -0.0015225608310354827 0.013395377922671425
0.00010097017219960237 0.00013368195477081457 0.0009445216285154676 1.4913198390630384 -0.003930702040881973 0.01803731761765004
-0.00012645253393283988 -0.0006375099549018604 0.0012522301247696779 1.4910252439059093 -0.003561455600900987 0.013866647496119988
-0.00017045000567148387 0.000350485520092203 0.0011309890437818946 1.4944768028572923 -0.005479517439366879 0.010207428935107732
-0.00020110749815354737 0.0007486362964597149 0.0015886431275174216 1.4969219950389174 -0.005256617321305654 0.012834517043648574
1.2654605698607399e-05 0.00043433464614150985 0.00015931527898212575 1.495912775415718 -0.0034998293077015932 0.016557996855066204
8.503774080027456e-05 -0.00015863718804909333 -0.00037588556247075856 1.5013971150867462 -0.00044825687626767535 0.021084476829090093
-0.00022814287513874408 -0.0012312758120032186 -0.0006936479725778358 1.5057292092146497 -0.0010469833756798844 0.021628311654204868
-0.0005122085928032741 0.0008018530728726159 -0.0012751119721268614 1.505604974644001 0.0005809519673240435 0.019663893366912433
-0.0006143031834386853 0.0024327615103576505 -0.00031731217966922594 1.5108026701107065 -0.0003763474486317975 0.020336882607598028
-0.0005090018667351332 0.00039076025665352176 0.0002665369702493397 1.5110799629281928 -0.0017241621621426617 0.020938411296178572
-0.0004921410801303067 -0.001587412362971552 -0.0002534221109196791 1.516135900638858 -0.00034938174389215204 0.023167228826786346
-0.0005676836508310575 -0.0013581788806715789 2.92752938267976e-05 1.5147795360887528 -0.00160914922498967 0.01928957461961378
-0.0002962421889520236 0.0004590675097158048 -0.00103186931364784 1.5213122960331873 -0.0010183997114566745 0.01431661829929265
-5.393362195307291e-05 0.0009403638370750755 0.0004907898270320876 1.5248465177585047 -0.003137540554267293 0.01539076178585086
0.0003167120080746876 0.000736020119844083 -7.679119839439411e-05 1.520705062122289 -0.0019639861301937733 0.015673891738630097
0.00023190004292900445 0.00032747461148008306 -0.00032503292775654444 1.5283772551178743 -0.0011590128997579496 0.019274271860265646
-3.0339740082543455e-05 9.683151280115432e-05 -0.0014660332979955074 1.5278271440443518 -0.0016849178419434674 0.01508265703263012
-0.00019782557387000883 3.371406568253299e-05 -0.0009811360530606788 1.5330231108279975 -0.0018271038996182654 0.015381350278573791
0.00011667421097934116 2.3269642461576368e-05 -0.0005996855320458267 1.5316106838407393 -0.0019069346405002907 0.013685236332739326
-1.6551067309326713e-05 0.0003173223914056944 0.0015783221407782422 1.5346564633887567 -0.0035523098590993785 0.017587955235678354
0.00010144916065374647 0.0009009726601385548 0.0014988800733421897 1.538395128082641 -0.0033519828050806444 0.0183963639148641
-6.348868059664317e-05 0.0010153216419752642 0.002823393958401217 1.5392865361131953 -0.005711345730162076 0.019179235342718925
0.00030097685091021577 -0.0007841458316089067 0.0015403212026234847 1.534923576999688 -0.005038650161181546 0.01878062797345148
0.0002573104324554285 -0.0014175934936031531 0.0012262985227768472 1.537887249329799 -0.004850669998763157 0.017047246470177413
-0.0005690325387654407 0.001810188226523346 0.0019463107345132353 1.538484927994375 -0.0032760324748912772 0.020850377693637956
-0.00042962848819351923 0.0025294459373326195 0.0010523801482982625 1.546211099652794 0.0009349419690960481 0.027108080056046813
-0.00015083116971112567 -0.001005483380295491 0.0019434398148857348 1.5408865857344836 -0.002215804504204333 0.03759170307503901
-0.0003061400398628284 -0.001535762491104542 0.0008436300387467458 1.5395744259656112 -0.0010934554316774925 0.03197908020811546
-0.0006392191253434828 -7.690908891233583e-05 -0.0009746184500701857 1.5395496960454125 0.0022569829173104683 0.035173148761966644
-0.0010718869281777816 0.0003897833937875905 -0.0014802891201703488 1.5415854447807078 0.003183450154096601 0.034364300262716085
-0.0009525288176680456 -0.00040939066827050397 -0.0017033683462442798 1.54652055938908 0.004210023619500847 0.037776291025951814
-0.0009554932484298798 -7.837263327314936e-05 -0.0011974174735622798 1.542436804286126 0.004366371533028435 0.031046278597312238
-0.0007893594441251132 -0.0003529762086995625 -0.000760998598495352 1.5464588137558053 0.008580424306956269 0.045659373469975506
-0.0008409432848169364 -0.0005956339939439115 -0.0003586332925092637 1.5418416770547196 0.004421498057175732 0.035711132415407576
-0.0009145972222195149 -0.00044981181905701106 0.0005357358417041749 1.5501125451783082 0.005768068040675978 0.04326879731342892
-0.0008411189650777413 0.0001716758191283585 0.0005833477108496466 1.550947488951067 0.0010345415520052192 0.02922290700413477
-0.0007391878848404331 0.0013201112763800982 0.0009039704125456854 1.5543449068513837 0.00043855779152579544 0.02993176261722219
-0.0003480003466504048 0.00042450384180448 0.0014142655840921443 1.5509397508107554 -0.0018269058191209275 0.025322044572261504
-8.591078978730809e-05 -0.0023551331560280886 0.0006716228747317517 1.544921599031852 -2.0045293207537895e-06 0.029338815952053565
0.00032913363812558835 -0.0025688119110889307 0.0009412899152687657 1.5545801094867215 0.0006886503843852587 0.028314404684367744
0.0008429870149686435 -0.0003075787744815095 -0.00031235642941211976 1.5540052471282024 0.0016079249901883585 0.025343198215406648
0.0007023513091594471 0.0006717354684153687 0.0016106457732381375 1.5570518735102041 0.0007654315184293381 0.021601217449046306
0.001010908374483663 -0.0006181569280980792 -9.066311250724066e-05 1.5591248779048783 0.00047947964633232587 0.0212705385133094
0.0005609237138905788 -0.0002736061462007555 -0.0002643442098973889 1.562681001058536 0.0010390009645813159 0.02369717001297067
0.0007127992456518723 0.0005036255363219944 -3.69510960673681e-05 1.5694471397382586 0.0024716898457062264 0.025347990096226347
0.0008492103385549433 0.0003025476216704792 0.0004500702014887828 1.5719257956416754 0.0016557418634550736 0.02699823606740237
0.0010357075621575964 0.0007718138416457077 0.0006507978828752327 1.5781894347068146 -0.0035244766107751513 0.017603577429788686
0.0005773598165520994 0.0015634157591599696 -0.0015838410134456744 1.5868328629936173 -0.0011309508898884602 0.020927606822796818
-0.0006246791987794696 0.0005782446932418583 -0.0005330370087111581 1.5846249154050156 -0.0006060190378478492 0.023042554616428568
-0.0009715063717187422 -0.0005217206442456046 -0.000580026317374182 1.5920548219739317 -0.0007552625992435225 0.02713764741657876
-0.0003931317390416387 -0.000447879491150438 0.0012844058886834673 1.5966624212924785 -0.003722325306544816 0.021175847699979933
-0.00019307915610258667 -0.0008718197971835373 0.0017218998211124706 1.5992795172335832 -0.0048030150255322646 0.025052807925836973
-0.0003242076568965247 -0.0019339392202049055 0.0016539056704636412 1.6031039968012806 -0.0014259011009949418 0.023034754449045458
-9.534814399252971e-06 -0.0009859757086883025 0.0002644785790919964 1.6075723869648186 0.004954310388671335 0.030013688494364033
0.0021203962343919187 -0.0009201043893889427 -0.0005230636496993375 1.6144561366706398 0.005615080521319982 0.02515019598573298
0.002154909534934786 0.00040523125426705775 -0.000912572027847431 1.611794379301216 0.008763746214497825 0.026936520306551248
0.0004359128436311485 0.0031539174163905948 -0.0017377535641270659 1.624300261858366 0.012527561924673747 0.02794397769779211
-0.0004895305817208947 0.0032867925193391656 0.001223218276338167 1.627595284798133 0.003403712161058947 0.02746833022071371
-0.00020940891217601513 0.0008442259485634818 0.001047132939957181 1.6290248502251075 0.0033791912507751265 0.03506510639681881
-0.0002957324255573805 -0.0013122698218654971 0.0014288570142023049 1.6284187296535038 0.0002602742511963463 0.029906782134307974
-0.000344707345832184 3.705353820016022e-05 0.00076775428364002 1.629968908658327 0.0018024695458137563 0.03075766809559788
-0.00019585935653011543 0.0004197250618180881 -0.00012612871144291316 1.6317892656150548 0.0012328850105738365 0.029005867205562197
-0.0004905607239731297 -0.0001999448366440948 0.00013247173772672996 1.6259515439430174 0.002569912110459871 0.0348305548496306
-0.00047510173299569053 -0.0005998240820630496 -0.001445170449340529 1.6286139603651009 0.0032384463825358978 0.03127962099442527
-0.0006690477014327816 -0.0007549546867642309 -0.0007929385146331233 1.6295504558447078 0.003944859548651314 0.036179793567809426
-0.0008425350982495142 0.001799652320973566 0.0011123978695570839 1.6269515637351333 -0.0018315997924911454 0.02768616369125354
-0.0001313965252138991 0.0011121566254885806 0.0008927377349408918 1.626853178978024 -0.002049596389163133 0.03045718110738349
0.00029158560276833754 -0.0014628863787680135 0.0012312114593550161 1.6186016379363082 -0.0016813029224964637 0.02488072026425403
-6.89100533269085e-06 0.0001043091445434019 -0.0008053486335917267 1.620082137401937 0.0025857977857834946 0.03414471167501976
0.00011574676513254314 -0.0013544362251576292 -0.0023889734142644743 1.6131425738564076 0.004280735602188335 0.02988213766477532
0.0007176354996439032 -0.00431716210953792 -0.0011923204749896075 1.6071880899839357 0.0029387462924617136 0.03124176256569733
0.0008904894636690338 0.0011254817435750741 -0.0015759240686873293 1.6117985043483714 0.0025883749173116755 0.023946857334453675
0.0008960754676271443 0.0034206094990290037 -0.0005348072566222441 1.6081407171770365 0.0021289414046437027 0.02614525887675434
0.0010919171402662031 0.0032408893856004095 -0.001177385997821685 1.6178855870415987 0.0003815921752049478 0.02273205165594483
0.0012010621737000185 -0.0012660384576044237 -0.00048077513408931573 1.6065558047545778 -0.0007218898116446715 0.023196496106596243
0.0017988840113092289 -0.0020547053896595724 0.0006589102429164571 1.5996099487774131 -0.0020931966049825557 0.017691219625736387
0.0019027876875243558 0.001547859596990886 0.0010132569382556545 1.6031178378404434 -0.003969797246390294 0.016598708877557655
0.0009947961023155072 0.0008548689695018208 0.0016332638086921706 1.5998661182375713 -0.003649158094065852 0.024537124707342706
0.00042545511491506904 -0.0009584993846267764 0.0002775080221925352 1.5981108686667653 -0.002924682065634121 0.02389503193344833
0.000207618121992692 -0.0009036187133721896 0.0006610805399220216 1.5946962358003702 0.002985904268023809 0.029161853669056548
2.0427166783193338e-05 5.692616923735905e-05 6.550376886255832e-05 1.5987767066198444 0.001886348991607667 0.024996297973971515
-3.487663937395884e-05 -0.00017605811338938793 0.0004934783169881081 1.5916928669956292 0.00399292119501693 0.029953391045826727
2.398131187595759e-05 -0.0006039438823204346 0.0006470151455495234 1.5930633684156987 0.0023625132883084987 0.030802367757697624
0.00012134124961063124 -0.0006623872196922509 0.00018325024439926367 1.591183225762677 0.0033141958103404257 0.030053351344922596
-7.451198860826261e-05 0.00035590722495215665 0.0004969387117039657 1.590968074039381 0.003380808915020239 0.02708333594926149
-7.534251601054045e-05 -0.0010014236178912395 -0.00043415808710523115 1.5913643762663696 0.004979004601830539 0.02745863635602408
-8.338903329106368e-05 -0.0012268379156901155 0.0015156574058803648 1.5854636180793023 0.0016898099178213055 0.02669576475556834
-0.0001224814422171202 0.001478387429432848 0.0013593804292217919 1.5981040983413095 0.0016776777553093591 0.02616565304405505
0.00012033193029954799 0.0011482503862827453 0.001669986178303721 1.5974617916899092 0.005340347620855335 0.02940063648980651
-5.4763071062196645e-05 -0.0006999980499047265 0.0005466373440108278 1.597451506594723 0.0035886654791232875 0.025411681820948218
-0.00036757312354470566 -0.0008714551586610497 -0.0011196104501861896 1.6057373837428486 0.01136432575032953 0.031076072229996754
-0.00046733289950885476 0.0012609403209913328 -0.00200752835861277 1.589080461923686 0.010089874474056293 0.025903758342747274
-0.0004930837223003999 0.00030213331933914844 -0.0013370150548563202 1.640421639403428 0.01357165099941815 0.034281362833775475
-0.0003680714988903798 -0.0002479516333644405 -0.00040489863234955103 1.6101117448221203 0.009078136469488296 0.028983323911727865
-0.00023838288661619136 -0.000796542093521202 0.0001770601391789093 1.5559735230063438 0.009107591779938584 0.028879766059882073
-0.0002815709698720695 -0.00024379488946402184 -0.00016398354705597914 1.6063992282469712 0.005802890993453991 0.023753584187248933
-0.00022257709719830396 -5.2030377217793244e-05 -0.00038371348935345337 1.6058146152105337 0.0034632536917847956 0.024105484873564897
-0.0003037528081697919 0.00012240515844430533 -0.0011542704537261905 1.614421272618074 0.00402213052443956 0.022929970586707427
-0.0003133118206067756 0.0007260481760305026 -0.0012926564534409323 1.6133842126185982 0.0059683101629449675 0.02599923852595687
-0.0002639776730206645 -0.000610992607501526 -0.001155579899488516 1.6207618322164876 0.005256371450853947 0.02705822342387343
-0.0002679081776117077 -0.0005817968239565374 -0.00086665340424066 1.6105759327753617 0.005236566308767676 0.025758707322600216
-0.0003205365183493796 9.885026034583966e-05 -0.0007484288230011682 1.6168499095707602 0.004810312112880272 0.02641212839719742
-0.00023817139334679662 0.0009227078563431856 -0.001245369724715065 1.618183200855185 0.0037270056833616227 0.023637212268734942
-0.000377580489962831 0.0007221791484108842 -0.0011269069480198603 1.620432029950507 0.002903851115575066 0.023024382995474824
-0.0003897085991305264 -0.0006628769788301625 -0.0006646492482888974 1.6301028769703976 0.0024029789297147774 0.02260886176497756
-0.00025044288328383027 0.00014679591460353691 -2.3751036198967116e-05 1.622200114128077 -0.0002648181318526954 0.025547762609061664