1.0000000000000002 0.0 0.0 0.0 2.168404344971009e-19 1.0000000000000002 9.791700870259712e-19 8.673617379884035e-19 -8.673617379884035e-19 1.6601845766184287e-19 1.0000000000000002 0.0
0.9999991034359663 -0.00021369544943106904 0.001322473093574971 1.3108280526873806 0.0002148955119230338 0.9999995955424004 -0.0009073157099689812 -0.003942406356058893 -0.001322279451633759 0.0009075998350035979 0.999998701021634 0.01013586052085011
0.9999981115426853 -0.0005549847272595925 0.0018531490493159507 2.625648856082914 0.0005580489637616367 0.9999984861001449 -0.001653342959051361 -0.005834392940450507 -0.0018522294672867895 0.0016543748878708013 0.9999969023571711 0.025598310346487275
0.999999619313934 -0.0007115106356589496 0.0005265936261626214 3.942081485387053 0.0007133069761112859 0.9999938935843081 -0.003419117304803192 -0.01015824497926368 -0.0005241583986194728 0.0034194922081939565 0.9999939871017596 0.037592737346682906
0.9999995203419622 -0.0006233584876077635 0.0008046614923866748 5.261499898623141 0.0006262842484459131 0.9999931904703608 -0.003640950700266299 -0.01344389640148647 -0.0008023878178153284 0.0036414543396799744 0.999992989187679 0.050918643813310904
0.9999985246926514 -0.0004974667143018271 0.0016315031733160831 6.582259478448876 0.000503878112768456 0.9999921815407825 -0.003931517202848867 -0.01732335141419724 -0.001629535080974181 0.00393233538483651 0.9999908937665684 0.059234922125200665
0.9999963415096257 -0.0003880661285352578 0.0026833414976093527 7.909538664044997 0.00040285134301784207 0.9999847641405492 -0.0055116105912239996 -0.023340018403278345 -0.0026811629459964513 0.005512673724879252 0.9999811943498289 0.06606249121488744
0.9999934537379713 -0.0005740913532322461 0.0035718560250291116 9.239866303570059 0.0005926430631017657 0.9999863491081079 -0.005194918851437473 -0.026664403595204896 -0.0035688260966224286 0.005197003413929021 0.9999800971539256 0.07392495067439679
0.9999979413351449 -0.0008367343406470036 0.0018557190535812527 10.57048258455805 0.000845336964327387 0.9999888714667503 -0.004639806616959121 -0.028650383405315696 -0.0018518163651596838 0.004641367488149426 0.9999874871981083 0.08167120551686487
0.9999992090019558 -0.0009429111542993177 -0.0007935525217576782 11.904971523713382 0.0009413976395812548 0.999997708786964 -0.0019055346926457502 -0.030048278302835383 0.0007953482520661193 0.0019047859644410604 0.9999978822110811 0.08580268288178597
0.9999982986916646 -0.0006153271774023534 -0.0017280771316821233 13.242784709912845 0.0006179933212845672 0.9999986037148065 0.001542739113487792 -0.02884090176716537 0.0017271263796501705 -0.0015438046145565035 0.9999972975935294 0.09010421270198228
0.9999985977363347 -0.0005372353823911561 -0.0015782912486121542 14.581299904448084 0.0005434850258447515 0.9999919953302078 0.003961972056401912 -0.025922737292593322 0.0015761509096649095 -0.003962824935694293 0.999990906933458 0.1006616002414257
0.9999995948707936 -0.0004090935415370122 -0.0008686488674018748 15.931652042160268 0.0004135953969084652 0.9999864945144873 0.005188815756137041 -0.024410926515131055 0.0008665132146894435 -0.005189171672044739 0.9999861106147196 0.11399188942373323
0.9999983904728261 -1.020195733099187e-05 0.0017746450609378121 17.283501318226094 4.895902609679259e-06 0.9999955098465722 0.002989934902686137 -0.028615233028449878 -0.001774667408374682 -0.0029899215579178204 0.9999938996806012 0.12474393189390591
0.999992005185286 0.00022977680538371317 0.003998285719304573 18.636215382531695 -0.00022615964335872965 0.999999601148119 -0.0009050915828134797 -0.0361643688374967 -0.003998493106568477 0.0009041809021309473 0.9999915936665961 0.1340125509820208
0.9999983129391745 -2.4022855601220578e-05 0.0018245832452087885 19.98812334404552 3.066841535748644e-05 0.9999933873355066 -0.003642203879872782 -0.04355129436240546 -0.0018244836542707903 0.0036422544810689123 0.9999916997253206 0.14064308663999858
0.9999998018881668 -0.00019718025849857186 -0.0005639336403712317 21.342632634540273 0.00019429076291884698 0.9999869061900749 -0.005119621038435958 -0.04547869642727952 0.0005649355498926634 0.005119512572087278 0.9999866919217585 0.1542582154446216
0.9999977810827492 0.0004554837297975874 -0.002069721775683123 22.707169409716624 -0.0004613651311497567 0.9999959034334956 -0.002842087836868361 -0.04288594512467818 0.0020684191530698096 0.0028430378199193382 0.9999938154837544 0.1740408187814624
0.9999989013968513 0.001250706448064672 -0.0007555789010667046 24.073762654921484 -0.0012505914464460354 0.9999991921550639 0.00015197298485533368 -0.03845772429846008 0.0007557688862022821 -0.0001510282236454613 0.9999997064480851 0.19022257361294498
0.9999834035220856 0.0018810458962439877 0.005448039325559879 25.450934868513876 -0.0018889350465900315 0.9999971980505955 0.0014432057081163346 -0.03845943030377093 -0.005445311381892903 -0.0014534724373834289 0.999984098427319 0.20528891562828233
0.9999822945237004 0.0023376665898909533 0.005479864456415693 26.822639189867495 -0.0023319707136845082 0.9999966931839054 -0.0010455616220096772 -0.04578233396534601 -0.005482292548872341 0.0010327641985099193 0.9999844122923948 0.21476194133694687
0.99999047000857 0.0019753725787879563 0.003883466062098228 28.19703749600923 -0.001954646722194483 0.9999839234094597 -0.005333396101549028 -0.05592064416293498 -0.003893940063827305 0.005325757314886534 0.9999782065819706 0.2280647410862796
0.999997137240957 0.002020565582611644 0.0013105812557336954 29.57235235800922 -0.0020127693807665634 0.9999804068891655 -0.005922663634795434 -0.06193320879688976 -0.0013225237062559434 0.005920010339848831 0.999981555869875 0.24120667324813955
0.9999965921470785 0.002438567611685782 -0.0009822252297234215 30.952034848605816 -0.0024445730415855065 0.999978092002542 -0.006159794209053689 -0.06716671981884177 0.0009671818195704498 0.006162176292114982 0.9999805158503736 0.25767862058821533
0.9999939337630427 0.003198964635911506 -0.0013744025215147362 32.33761809935981 -0.0032028591281529576 0.9999908718299121 -0.0028410722167247597 -0.06826104471360861 0.0013653013439226275 0.0028454578795703124 0.9999949944070416 0.274433694810882
0.9999874434007594 0.003603636154313669 -0.003480975909649319 33.72009521406066 -0.0036102201243545184 0.9999917114617596 -0.001886911603074183 -0.07224643538603051 0.0034741477503653965 0.001899456111034145 0.9999921451374776 0.29195475796139003
0.9999859695560489 0.0035327943134419995 -0.003940223459905464 35.113255608412416 -0.003536725485520883 0.9999932955463545 -0.0009913684419478191 -0.07683521613460731 0.00393669523475346 0.0010052909026048642 0.9999917348975949 0.3136094004334777
0.9999927761548553 0.0034268039648089324 -0.001636710169306852 36.51065571219418 -0.0034283310695080492 0.9999936575302658 -0.0009311272756871499 -0.08158887009980961 0.0016335090539429421 0.0009367323572308394 0.9999981663148777 0.33679206646604537
0.9999954965122377 0.0029876915528192372 -3.728434475256011e-05 37.908900016748746 -0.0029876982087179487 0.9999954988428355 -0.0001695207497247893 -0.0874011902719349 3.677849857558393e-05 0.00016963069149260204 1.000000004644927 0.35349121836387976
0.9999955500887542 0.002950109119689786 -0.00034307845168178065 39.30466672677141 -0.0029492302403185556 0.9999924897415261 0.0025343380385014795 -0.09177612805889468 0.00035055204947019407 -0.0025333138283681394 0.9999966601697229 0.36824261769441424
0.9999951064119236 0.003075598103830502 -0.0005115500072776624 40.70755694663401 -0.0030729644519664825 0.9999823817105457 0.005072514625408157 -0.09669669447680888 0.0005271426146268273 -0.005070919640920695 0.9999870118775372 0.3788964383503456
0.9999953448050558 0.0030645432757275565 9.996109422052979e-06 42.114369777023256 -0.003064536535990368 0.9999691992405842 0.0072236673175195215 -0.09902815957079025 1.2140243817145187e-05 -0.007223663696643313 0.9999738559543684 0.39693241666433476
0.9999960479640514 0.0027854054078089007 0.00028983053026358004 43.522084964085515 -0.002787721687641303 0.9999615098300506 0.008326055105987768 -0.10394789414143558 -0.00026662833195778383 -0.008326829886043354 0.9999652422059063 0.41126413520957245
0.999997214809863 0.002367520149754049 -0.00013314455192412443 44.93179321966634 -0.002366489256118598 0.9999706948719137 0.007275471536635551 -0.11178306576989652 0.00015036474989903875 -0.007275137177381881 0.9999734903182302 0.42565909347517233
0.9999982804920317 0.0016906218489208596 -0.0007709956639674713 46.344897811947256 -0.0016856237589543722 0.9999778798863035 0.006438717589378916 -0.11943165981977057 0.0007818636952898464 -0.006437407601545671 0.99997893962167 0.43740188069805597
0.9999997285755837 0.0007247339253400496 -4.506089455166753e-05 47.76082197574352 -0.0007244600921426699 0.9999828990937335 0.005805086115210794 -0.12575332488371146 4.926768376106727e-05 -0.005805053361263219 0.9999831723306851 0.45043186431137194
0.9999996808483387 -0.0002913799120795239 0.0007999151168777687 49.18358826960256 0.000286569156942858 0.9999819070753447 0.006007398043790147 -0.12834048968990772 -0.0008016520441587347 -0.00600716790370792 0.9999816120763158 0.46442992729209653
0.9999985297659385 -0.0013623348491497815 0.001045385467675252 50.60626340888696 0.001355366003712337 0.9999771015141313 0.0066383669422333 -0.12955521971884645 -0.0010544058315917785 -0.006636938842466085 0.9999773687199262 0.4769327190498345
0.9999965841717832 -0.002532205535969518 0.0006493642678006501 52.03246673891778 0.00252785083386588 0.9999748947108809 0.0066207849454591565 -0.12989356338233174 -0.0006661139865339798 -0.006619121717353465 0.9999778211173296 0.48846608542785525
0.9999915141735124 -0.0036616844659562537 0.0019126417610190972 53.461504747977266 0.0036484932726906375 0.9999698679319681 0.006855740476658624 -0.1293930614419671 -0.0019376889674129405 -0.006848703750911387 0.9999746178945087 0.4984773611158602
0.9999859137918972 -0.0044620816953241695 0.0028712981776995126 54.88917017508368 0.0044463480905759046 0.9999752259288102 0.00546310338434581 -0.1279741951290399 -0.0028956037965148073 -0.005450259406056373 0.9999809602792816 0.5110141755764376
0.9999832490041575 -0.005088125524888708 0.0027795035345183306 56.32122592884971 0.005077084736401281 0.999979306227571 0.003965134890179742 -0.12702407272865504 -0.0027996224130436157 -0.003950955504464485 0.9999882447682624 0.5217672589602023
0.9999811303717694 -0.005688509940435452 0.002344716179599778 57.75019699775938 0.00568458294248218 0.999982399157851 0.0016781473468361148 -0.12656392068937292 -0.002354222721231083 -0.0016647856497044164 0.9999957704703757 0.5327397170341588
0.999979585326194 -0.005756598032196691 0.002786837785248664 59.1784686793699 0.0057556936761602746 0.9999833718916684 0.00033242458347728065 -0.1262568029579313 -0.0027887068136989773 -0.000316377473345474 0.999996042782137 0.5413406653077522
0.9999799353102495 -0.005319956577226569 0.003432325698362661 60.60815089072214 0.00532299686583541 0.9999854470208646 -0.0008773524601416741 -0.12539227584293736 -0.0034276090896732886 0.0008956053365475768 0.9999937176688882 0.5519569628366279
0.9999795744735506 -0.004930831950614101 0.004068403961791191 62.033076061536896 0.004938586511400946 0.9999860240020615 -0.0018982920776225015 -0.12431598213559962 -0.004058987556657882 0.0019183456623665775 0.9999899015243927 0.5630906065980623
0.9999833366853043 -0.0044794665588897935 0.0036431778142558763 63.45719944567791 0.004493411524480831 0.9999825425044852 -0.00382843174190223 -0.1229979100245828 -0.0036259652135562544 0.003844738958566912 0.9999860208102193 0.5767974598170993
0.9999881652041048 -0.0039813630128361956 0.002800286385521802 64.87712909065539 0.003996240507944936 0.9999778822654117 -0.005327365875237114 -0.12410773186596813 -0.002779015451106039 0.00533849628823923 0.9999818525304938 0.5876744510410371
0.9999919352032125 -0.0033319096022920735 0.002232730971611545 66.29473101069695 0.003343585872479744 0.9999806181234626 -0.005246360854472382 -0.12353641589161657 -0.0022152081210692334 0.005253784075921556 0.9999837466733332 0.5998262086314178
0.9999941725391349 -0.0025409487695903115 0.0022981091185282536 67.70855725151559 0.0025489911339976047 0.9999906379365058 -0.003503254266972204 -0.12179096951119422 -0.002289187964002101 0.003509092907811111 0.9999911895243642 0.6111939270992728
0.9999912133471316 -0.002091370235457148 0.00363385618132222 69.12163422460172 0.002093812510414134 0.9999976346212444 -0.0006682776174232016 -0.11484030175778237 -0.0036324503520733 0.0006758815588969071 0.9999931520316251 0.6283962497732565
0.9999868469388086 -0.001362197320506495 0.004951761422441111 70.53593182166541 0.0013473746499833735 0.999994574413262 0.002995331131789578 -0.10938471715466438 -0.004955816631057175 -0.0029886215391970354 0.9999832786479258 0.6414496019482026
0.9999846073231475 -0.0006529272244179562 0.00551432220626171 71.94587367711073 0.0006162726819411962 0.9999777409620175 0.006646245700772832 -0.10346330400068392 -0.005518540567909782 -0.006642744233029867 0.999962651714828 0.6529240992164946
0.9999867990217781 -3.479668235961881e-05 0.005134200190961205 73.34602341211158 -2.241455143940684e-05 0.9999379067178039 0.011142704073991238 -0.09856966675424587 -0.005134271279570637 -0.011142672026565565 0.9999246942604092 0.6614877171855048
0.9999889485142063 0.0006547000588859873 0.004663847022670277 74.74866940036502 -0.000720931898768262 0.9998987490946931 0.01421357894012407 -0.09614747852207042 -0.004654070475985017 -0.014216789913404845 0.9998881023910942 0.6695588439435922
0.9999894215405929 0.001331843291543018 0.004409609577475989 76.15083843058731 -0.001403853242773973 0.9998650819769491 0.016367577100358507 -0.09198042004896173 -0.004387217413773116 -0.016373595839652314 0.999856296482455 0.684315086881838
0.9999882541073128 0.001664263029861561 0.0045466336726297275 77.54724567608942 -0.001739712488745066 0.9998600019225296 0.016641197802224186 -0.09322731299107836 -0.00451830317972104 -0.016648914811327613 0.9998511439701562 0.6960119236191002
0.9999872616655497 0.0018309156554712092 0.00470921405230117 78.94152439929785 -0.0019032712499195967 0.9998795047383275 0.01540620218102939 -0.09765681323658816 -0.004680441105592615 -0.015414973144131847 0.999870233596122 0.707094710162303
0.9999913759709025 0.0017840548792959706 0.003752411646116203 80.33202332314703 -0.0018373288000006014 0.9998968530466692 0.014241824298520743 -0.10375785651867132 -0.003726618589431363 -0.014248594943094486 0.9998914709824295 0.716343125818148
0.9999923509026399 0.0015122995964478192 0.0036197980186450027 81.71761901012928 -0.0015610168967035267 0.9999077348821791 0.013493821767436666 -0.10729258280443604 -0.003599058459779669 -0.01349937283696731 0.999902414215181 0.7289296479124785
0.9999916240025154 0.0012772840845941174 0.003887407496439627 83.1039981101729 -0.0013297977530046024 0.999907538110595 0.013536138741021516 -0.11047763518210278 -0.003869758107259256 -0.01354119708831998 0.999900837886888 0.7403985219905778
0.9999940905224954 0.0007531050854109374 0.0033593262548689403 84.49052969587697 -0.0007969839251444181 0.9999141023569253 0.013079549980427645 -0.10906253576493466 -0.003349188441171478 -0.013082151965560245 0.9999088071205763 0.7526094402159325
0.9999931181347423 2.0521935247791445e-05 0.003708035493319697 85.87261732598142 -7.031556469607966e-05 0.9999097941029002 0.013428901220076577 -0.10390737488925561 -0.0037074264329327736 -0.013429080545060472 0.9999028877623504 0.7640268507785561
0.9999899242058039 -0.0009229265716233618 0.004403568868076358 87.25734376063431 0.0008654297890672877 0.9999145756298725 0.01304088852804191 -0.09247749051174728 -0.004415230852595967 -0.013036944112216094 0.9999052001643105 0.7788357826443777
0.9999830518552857 -0.0020521365895773496 0.005441321475924215 88.63646976025387 0.0019926895966675957 0.9999385227332365 0.010908223037631698 -0.08646405148044285 -0.005463373257428786 -0.010897187858525118 0.9999256254114605 0.7895991786056811
0.9999759209811357 -0.003247047594712686 0.006138997331195481 90.01389074344787 0.0031932107217448377 0.9999565419682949 0.008759215187740838 -0.07591609015969333 -0.00616717500351941 -0.008739401191090528 0.9999427370505505 0.8006661948901275
0.9999727554007575 -0.0038492562675238344 0.006298504430081025 91.38290488700187 0.00380662028397126 0.9999698861639414 0.00676741708365944 -0.06596597375895849 -0.006324365590772553 -0.006743256937464271 0.9999572584352848 0.8090805599185336
0.9999749924664029 -0.0043006161129538825 0.005616282353303421 92.74900989287701 0.004269886738366773 0.9999759639742173 0.005472054497472936 -0.05154493319556304 -0.005639681742390016 -0.0054479360258963255 0.9999692435593666 0.8184012751873339
0.9999766355848088 -0.004559045696239609 0.005096266408330881 94.11119565166081 0.004537436867248932 0.9999807539175831 0.004243660306486203 -0.037205860510398765 -0.0051155168635464545 -0.004220436820625901 0.9999780104975976 0.8274262001096399
0.999977909139837 -0.004698015850928175 0.004711388292741774 95.46868069737316 0.004674913190873629 0.9999770653229819 0.0049026950534899 -0.015571871657871321 -0.004734314925854441 -0.004880560385965706 0.9999768255371692 0.8388979053832313
0.9999815266327765 -0.004569594709649318 0.004021292744076643 96.82182711259789 0.004550674119088865 0.9999785874973262 0.004701843664907734 0.003485541727062036 -0.004042694516752131 -0.004683456788768671 0.9999807858698866 0.8500746228679894
0.9999850151447621 -0.004327008479235718 0.0033475536688571264 98.17354519898436 0.004308798382274586 0.9999760173016066 0.005428092044332221 0.021707302272678308 -0.0033709614163867554 -0.005413586965659255 0.9999796675536201 0.8614968159482738
0.999986075522774 -0.003975442399667357 0.0034785758216777833 99.52338470538457 0.003950917435435109 0.9999675345250472 0.007029041805481491 0.041713426119414386 -0.0035064087975831566 -0.007015199594017783 0.9999691899521652 0.8741494747145275
0.9999811532784513 -0.003751761387327408 0.004856514333015315 100.8687694811927 0.0037152932049878944 0.9999650222406614 0.00749656802500187 0.053424578974609165 -0.004884469939659888 -0.007478384233442064 0.9999601244808716 0.8832966290414274
0.999972893804905 -0.003623926904009038 0.006416075226769783 102.21413502078175 0.0035674031278603103 0.999954920413307 0.008799368823975442 0.0718043479612409 -0.006447676530540609 -0.00877624246498602 0.9999406857817675 0.8962575838903806
0.9999806351808964 -0.0035507317941499946 0.005108278204700265 103.55466030294873 0.0035084079488725624 0.9999596340753613 0.0082704850771213 0.08656634156627632 -0.005137439540287584 -0.008252403953624636 0.9999527307437251 0.9064834068249046
0.9999910836778624 -0.0034314327835254775 0.0024671914853134523 104.8931965976849 0.003411228519371254 0.9999609694393085 0.008147420835349747 0.1025699728208388 -0.002495053436052783 -0.008138933569057816 0.9999637468828164 0.9178548729208258
0.9999932125021053 -0.0034573271608795302 0.001290789908922843 106.22950695597275 0.003447408330660076 0.9999650822164812 0.007608681546438665 0.11003511918706405 -0.001317051510178393 -0.007604181153701735 0.999970205281403 0.9261172205323869
0.9999911570708809 -0.0033100860381964103 0.002600551899801738 107.57427475632144 0.0032957991904366112 0.999979557354249 0.005478931992720706 0.12620734244868634 -0.0026186354870449792 -0.005470313324673692 0.9999815855748616 0.9431119723493228
0.9999852189647671 -0.0026990081050199213 0.004720765816355135 108.91568808926596 0.002684314438529231 0.9999915256875608 0.00311627656981485 0.14013138125670915 -0.004729137975703135 -0.003103558580524402 0.9999839553476667 0.9580897826870505
0.9999838672407375 -0.0017713474531234434 0.0053926598669554885 110.2541210012478 0.0017630646170447059 0.9999972396802181 0.0015404151027496279 0.16066057516046667 -0.005395373517975351 -0.00153088334579972 0.9999842930790422 0.9752735861436636
0.9999916907371094 -0.0010389935158182137 0.003952805140157403 111.58617233372321 0.0010363834205497121 0.999999272373076 0.0006623698313218481 0.17878159555453602 -0.003953492463724755 -0.0006582667691474621 0.9999919368898142 0.9896714156019591
0.9999986867759328 -0.00036703140662550484 0.0015578308025810447 112.91455287676821 0.0003630176297248638 0.9999966029671327 0.002576097272143917 0.19595726573502523 -0.0015587721077805813 -0.002575528163900286 0.9999954102569337 1.004283958772719
0.9999995269983427 0.0007268637678385982 -0.0006279878556789166 114.2381073967808 -0.0007240059606209294 0.9999894909332252 0.004538610291509488 0.20217245504379874 0.0006312801046781868 -0.004538152817359872 0.9999894820684342 1.014999635957085
0.9999974172099156 0.0021254200726299947 -0.0008280522323044163 115.5697197543504 -0.002119078700770726 0.9999689735132219 0.007585614162550806 0.20791595268706747 0.0008441494460951996 -0.007583841981942465 0.9999709092768697 1.0273410921072397
0.9999928859580632 0.003515784084555924 0.00136925833166606 116.90289548759357 -0.003527991886652667 0.9999531600642892 0.009017331183448454 0.2098204360154011 -0.0013374921592282235 -0.009022098545532016 0.9999583539776575 1.038658276279176
0.999982409031731 0.004543532124104914 0.003822791121400081 118.23757268359839 -0.004578174890047384 0.9999481028365778 0.009102904766496774 0.20756360155317322 -0.0037812359241592526 -0.009120245626029705 0.9999511881317013 1.04836628760503
0.9999756168441181 0.0053246737817970015 0.004526556605963166 119.57158739045917 -0.005361240440682892 0.9999527604604854 0.008104680248588115 0.20242648294389548 -0.004483189107774071 -0.008128751258353488 0.9999569226954068 1.0539700220479764
0.9999726995261777 0.0063508659929005585 0.003791569266582774 120.91484506128755 -0.006383366510392728 0.9999424513027029 0.00862186873215987 0.20301716188337535 -0.0037365968442053046 -0.008645837610633287 0.9999556491711346 1.0654891791298118
0.9999656531414726 0.007581705047127935 0.003343616634815955 122.27893848854397 -0.0076160901817735015 0.9999169628910386 0.010393790110880374 0.21469899372568943 -0.0032645377889515626 -0.01041889972267498 0.9999403839675121 1.0911786507062071
0.9999575416464977 0.008709809580060617 0.0029997337763734214 123.63489467159195 -0.008746466527173995 0.9998844707277096 0.012431645863702582 0.2213284894623255 -0.0028911100735337916 -0.012457353301927983 0.9999181876258264 1.1114051501974571
0.9999497023911954 0.00983869523198833 0.0019507176326891452 124.99430030239454 -0.009863601189915309 0.9998642904130989 0.013197749320671078 0.22524096616056996 -0.001820604205555642 -0.013216331973340345 0.9999110071957492 1.1325567321080132
0.9999392846944645 0.010929843905562417 0.00141130796054067 126.34800923197896 -0.010948917928916974 0.9998378462150115 0.014300429423603711 0.22491100165257544 -0.0012547775353747787 -0.014315016206144221 0.9998967690905776 1.149552131798611
0.9999291132722414 0.011848682153289694 0.001148037484474302 127.70363626252826 -0.01186307664864905 0.9998389213684239 0.013469538380797471 0.22910233428751967 -0.000988256695705605 -0.013482203506127246 0.9999085653593899 1.1804460562015886
0.9999186194245003 0.012608524383726873 0.0019388911844766049 129.06098352047627 -0.012632589026105041 0.9998364254301901 0.01294276983555849 0.22756851777124792 -0.0017753853214830242 -0.01296621425402233 0.9999143551453646 1.2042184732499763
0.9999037750832447 0.013433589835322786 0.0034587473645361286 130.41870683038223 -0.013474101642708814 0.9998375325271753 0.01197044311256569 0.22751480007136024 -0.0032973791713370136 -0.01201589155497142 0.9999223923896317 1.2307772862503934
0.9998991154844532 0.013760952152024407 0.0035182484309339724 131.76754648468133 -0.013798824323705917 0.9998445435807135 0.010974509773921124 0.22074651949734397 -0.003366683574943033 -0.011021953177236223 0.999933540934882 1.2483097720994456
0.9998979349163895 0.013751475388186381 0.003875274562233911 133.12171761328148 -0.01378549806520652 0.9998653778103747 0.008894589691110144 0.2134815750743208 -0.0037524409232549735 -0.00894710556965612 0.9999528872732748 1.267829840234743
0.9999001750833063 0.013436493127693828 0.00437313523843366 134.47364944790525 -0.013467852171030166 0.9998832192144687 0.0072218700377349315 0.2099342219252659 -0.0042755892568469706 -0.007280046165647881 0.9999643057022555 1.2944556200594706
0.9999086387839776 0.01291455492338955 0.0039821451944495575 135.8270154538492 -0.012937198550554698 0.9999000460215417 0.005712980867563648 0.20793142414200114 -0.003907967076597593 -0.005763976423093553 0.9999757151945042 1.3210127691434805
0.9999243834776422 0.011676566473150834 0.0038724998405354778 137.1731432801759 -0.011692497248104406 0.9999231864626966 0.004117206793858991 0.203116412218826 -0.0038241288193940903 -0.004162175097811741 0.9999840300596764 1.340155678243408
0.9999319716175994 0.010607634040766888 0.004857541715265429 138.52516444555323 -0.010621572499102894 0.9999395358203561 0.002851658106768481 0.20007012663058824 -0.004827000059123182 -0.0029030582163930008 0.999984092562054 1.3602587107417345
0.9999406679729593 0.009600735506329979 0.005144643632667526 139.87552126104723 -0.009607445058307405 0.9999530069542614 0.0012809428096382473 0.19656729573037984 -0.005132104541585649 -0.0013302938196909047 0.9999859250727835 1.378487387370201
0.9999528237242945 0.008308871527917691 0.00503794482904679 141.22599290437074 -0.008311647467347387 0.9999653401620305 0.000530117180933428 0.19663478352745045 -0.0050333680018072565 -0.0005719649891530246 0.9999871361136768 1.4028278134227583
0.9999646099391977 0.007062746236737312 0.004564340158739645 142.57539720929057 -0.007064037112944888 0.9999750606028142 0.0002668106248567625 0.19656058152891004 -0.004562342765847216 -0.00029904290018039996 0.9999895294579895 1.4209496890148574
0.9999735962315425 0.006029928743815002 0.004053950055332771 143.92319360584307 -0.006029514581657646 0.9999817951585502 -0.00011441693513180383 0.1977920489656768 -0.004054567933949563 8.997138203084878e-05 0.9999917086099076 1.437629201657717
0.9999845494671902 0.005072102218339557 0.002261243933756209 145.27110566471583 -0.005068159742293768 0.9999856844869006 -0.0017455277584554933 0.19889167688290874 -0.0022700656597720147 0.0017340425438697644 0.9999958660459073 1.4558873181935728
0.9999917227984964 0.003994076141937137 0.0007822497528052856 146.6144649750133 -0.003988281647112259 0.9999656146250537 -0.007274342887470156 0.19792513513708904 -0.0008112782972953311 0.00727116588382611 0.999973162576441 1.4782866392283394
0.9999894311908575 0.0029158990790807944 0.0035651854012956202 147.96758148102913 -0.0028654175121606163 0.9998966899938644 -0.014083804447893327 0.19732283827907188 -0.0036058845834123403 0.014073436549298227 0.9998944788152729 1.506856274468999
0.999988779226784 0.0015229492730167936 0.004484623400374181 149.3169827756768 -0.0014251524854156257 0.9997628719175731 -0.021730060362557656 0.1924847420443243 -0.004516654484424718 0.021723427958720207 0.9997537488556494 1.524807896237393
0.9999978580695826 0.00033133274308211444 0.0020635308380926648 150.66206025436279 -0.00027953401498999916 0.9996861079611742 -0.02505193606992348 0.19470121227482656 -0.002071184530520586 0.02505130983796184 0.9996840339692511 1.544558741520318
0.9999980392769833 0.0005111645889000519 -0.0019383574185094996 152.00552014204408 -0.0005597073922965366 0.9996841810327708 -0.02512594547385979 0.2013321382197042 0.0019249011625042797 0.025126984976302974 0.9996823796902348 1.5615813859338485
0.9999922735390833 0.0013391448657680098 -0.0037021804251075974 153.35122621581908 -0.0014187065890390166 0.9997663069054384 -0.02157203515401259 0.21517065950906974 0.0036724274816453068 0.02157712501963883 0.9997604195554559 1.5885369011328179
0.9999909736502743 0.0020916784665386064 -0.0036963078511338 154.69840687484265 -0.0021699916741809906 0.9997705827172559 -0.021311549086770302 0.21911715579103502 0.003650883718961123 0.021319379696534253 0.999766043632442 1.6099353417846354
0.9999960581684209 0.002756997721485878 -0.0005665315471290976 156.04740303082835 -0.0027698214609145175 0.9997071116432777 -0.024040941050809846 0.2149345834269144 0.0005000848246932144 0.02404242276421871 0.9997108301882773 1.6317845912272417
0.9999909327929267 0.0033315255121918325 0.0026537212628547574 157.39776480701556 -0.0032518123259111216 0.9995596232269124 -0.029496521728317075 0.20369572378372083 -0.0027508214505693376 0.029487630372701173 0.9995613439801426 1.6487592701994853
0.9999887068246873 0.00337681087493887 0.0033500726549049696 158.74691645080114 -0.0032621788141462575 0.9994282776235688 -0.03365260995427654 0.18988176363964512 -0.003461797031590836 0.03364131047617488 0.9994279155517265 1.6631411216668097
0.9999875158092718 0.0033407553308060973 0.0037128117333758365 160.09374133643914 -0.0032070627934060055 0.9993663505510663 -0.03544908241888294 0.17840178408252302 -0.0038288869682943615 0.03543673965385504 0.9993645336396466 1.676680673422599
0.999983081863986 0.00414961728984409 0.00408354047031128 161.44429740211646 -0.004008863590755099 0.9994174748091055 -0.033893207207898325 0.17013104959292855 -0.004221808275779366 0.033876269628589764 0.9994170433268863 1.6933830210539933
0.9999788023469356 0.0053219286508867855 0.003741256310860578 162.79419998635453 -0.005207525689696452 0.9995378495303711 -0.02995069651053914 0.16697616665014814 -0.0038989235592651614 0.029930587716416445 0.9995443481226591 1.7083103440025285
0.999979921392408 0.006191015160761693 0.001357637568515333 164.144852840223 -0.0061528598463598825 0.9996297005988576 -0.0265066946359169 0.1580277969802746 -0.0015212393538186018 0.02649780976272163 0.9996476780086846 1.7253276301589437
0.9999759762796889 0.006913317101931197 0.0005274087863915934 165.4961010001272 -0.006898904611957813 0.9996963069162028 -0.023659928869575842 0.14786790344820225 -0.0006908175589239434 0.023655729187381628 0.9997199168040541 1.7396122988478349
0.9999714608356322 0.007312690048897613 0.0018847535087760893 166.85462095292678 -0.007270169480014926 0.9997390360660258 -0.021657839858024764 0.13663307450085627 -0.0020426393981001004 0.021643522210757386 0.9997636030982944 1.7560514514691825
0.9999735553199645 0.007070565547806417 0.0017047711479499569 168.21572639203237 -0.007035029738139128 0.9997748344797998 -0.02001990519728503 0.12356645456034472 -0.0018459400983936534 0.020007392745985834 0.9997981102001927 1.7734819112527387
0.9999783157874828 0.006545474383134429 -0.0006928662552272815 169.57585629971314 -0.006556938642239488 0.9998148877087041 -0.018089721794843992 0.113859374078423 0.0005743322024867603 0.01809387677916893 0.9998360965037698 1.788348381141332
0.9999755387149123 0.0060046705227946385 -0.003576491267166442 170.93537868929533 -0.006056247663516421 0.9998752246709476 -0.014589283811574778 0.10780758403437941 0.0034884415458565536 0.01461059380334791 0.9998871366141007 1.8061820309799277
0.9999714499533945 0.005795236426421733 -0.004848198540559857 172.29962003959665 -0.005841996551318722 0.9999360617240657 -0.009686848541471593 0.0776783177527923 0.0047917509918766 0.009714898434477082 0.9999412883225122 1.815131574744983
0.9999736608385205 0.006081895063880139 -0.003972277015669408 173.6684946451286 -0.006102108926031702 0.999968443487692 -0.005096532245131824 0.05237363385811012 0.003941154164655939 0.005120639303653592 0.999979095673773 1.834357964869833
0.9999772177994837 0.006588253638046927 -0.001468072488683696 175.04510132120708 -0.006590867377823964 0.9999767262201706 -0.0017828469956024217 0.03991386970708815 0.0014562923057044614 0.001792483001971364 0.9999973559803411 1.851825137615606
0.9999774380695684 0.006702225515271632 0.0005116294517978608 176.4248277934687 -0.006701485160770449 0.9999765251418039 -0.0014352113338231233 0.018257181699584842 -0.0005212370432374032 0.0014317504778122438 0.9999988367886249 1.865458165740679
0.9999807485879907 0.005930698060267742 0.0018310822479991355 177.80149211164408 -0.005922771813938461 0.9999731724485852 -0.004304648775710171 -0.003094944280752701 -0.001856563375747522 0.00429372127360357 0.9999890789634168 1.862200019871308
0.9999895312052685 0.004274649078134665 0.0016642629364435777 179.1769603708528 -0.0042631234467115555 0.9999673360522662 -0.006868327024350682 -0.025524474853832586 -0.0016935690555075949 0.006861161613251776 0.9999750327424576 1.862107125367148
0.9999945633167604 0.002219350467362979 -0.0024496938388636003 180.55800982613417 -0.0022371575013378987 0.9999708895175252 -0.007290502738460379 -0.036621750271161956 0.0024334430161410524 0.0072959437941385145 0.9999704471657059 1.8698660026983673
0.9999754920407685 0.0007293193655435323 -0.0069580505866823125 181.93716420880048 -0.000772682894632456 0.9999803401763666 -0.006231524673119539 -0.04434437035688073 0.006953370793133536 0.006236749953089304 0.9999563677828562 1.880330032031813
0.9999689778766331 0.00013754933840905018 -0.007870694242948851 183.32564124010202 -0.00014901831923882342 0.9999989143391406 -0.0014566147966875876 -0.041851279732052514 0.007870485814393743 0.001457743691759954 0.9999679077842247 1.8970800581613805
0.9999790304308079 2.196891746142956e-06 -0.006471811105809359 184.71999027784588 1.466274889877126e-05 0.9999965704222044 0.002605049138771323 -0.03972857774961369 0.006471795729466593 -0.002605089365438275 0.9999755991469907 1.9148148402355865
0.9999942335483006 0.0002474802032645714 -0.0033947265557322578 186.1158284124202 -0.00023284366379360617 0.9999906666029057 0.004311319540576374 -0.046747775240138824 0.0033957617478382646 -0.0043105041422110335 0.999984899848797 1.9298191675425298
0.999999032659452 0.000634298931613365 -0.0012137199937225862 187.51552610229442 -0.0006281042914888879 0.9999867822802004 0.0050974195445889 -0.05470261397765301 0.0012169381440752273 -0.00509665362344085 0.9999862850603501 1.9483294863837997
0.999999724160932 0.0007093076653764021 -0.00040002461780194124 188.9172471860663 -0.0007075193322371015 0.9999897943085886 0.004454140078725716 -0.05728745252476882 0.0004031790417130098 -0.004453856608237037 0.9999899815304816 1.9689668863653014
0.9999997107297433 0.0006522991521837375 0.0003761508505031848 190.32195096346683 -0.0006534089166425423 0.9999954039827167 0.0029576419998593798 -0.062090726945707025 -0.00037422076625179875 -0.0029578867905235297 0.9999954852875411 1.9880059658992089
0.9999995010289733 0.0006541511230549787 0.0008066108957044673 191.73012988859284 -0.000654449581308838 0.9999997048013717 0.0003695297182425177 -0.06907577615193294 -0.000806369797764289 -0.0003700574456879635 0.9999995941696556 2.007654330078461
0.9999990878577243 0.0010497469269409292 0.0008120798229515466 193.1387946275028 -0.0010478842891894745 0.9999968034108268 -0.002291498718193775 -0.07418375014368245 -0.0008144829298059502 0.0022906456041552514 0.9999970087314488 2.0291319856640366
0.9999974696245545 0.001399007118854775 0.0017668620294307895 194.55744517587473 -0.0013896462162988946 0.9999851025474088 -0.0052886004528348235 -0.0799447040027369 -0.0017742351389475382 0.0052861338115687655 0.9999844278280361 2.0531998183480975
0.999991951604599 0.0018370447819561425 0.003560751895074471 195.97724204962722 -0.0018036343773169207 0.9999545905758104 -0.009363493048051055 -0.08632477870117267 -0.003577792328877229 0.009356998735740125 0.999949757819591 2.074807875564892
0.9999914143626804 0.0020975156077340986 0.0035841509956467694 197.3991751220782 -0.0020514858727112674 0.9999159748789921 -0.012798269992390471 -0.08841769344377656 -0.003610697000298955 0.012790809411287222 0.9999116107583268 2.1057844727507358
0.9999971266899579 0.0023025380790068404 -0.0006306157481747211 198.81925701963354 -0.0023092916189398813 0.9999376010490519 -0.010927597813380811 -0.08667595755648926 0.0006054153478721718 0.010929027927726414 0.9999400722609806 2.1299868790037424
0.9999768719410402 0.0027570053139367025 -0.0062188307140249284 200.24227634874757 -0.0027842430623283556 0.9999865134126021 -0.004375419066362375 -0.07387106476499557 0.006206685589458185 0.004392632532837003 0.9999711146463488 2.1709620231511115
0.999969985664216 0.003922035083348645 -0.006676156979701906 201.67563232401923 -0.003888858897919067 0.9999800291444036 0.004975228883927082 -0.05854077713046167 0.006695538045891133 -0.004949117837416961 0.9999652851913929 2.2052959490015396
0.9999833124601503 0.0052696910131600355 -0.002390767517874535 203.11371840685018 -0.005237617037531608 0.9998987359158855 0.013229842075320547 -0.0440074600904103 0.0024602416426437127 -0.013217095322343055 0.9999095516239951 2.2379528298088944
0.9999820771872932 0.005995246265443354 2.5533919593180576e-05 204.55173866488954 -0.005994973936853242 0.9998739957701324 0.014700573040002723 -0.04317665274694035 6.260210011680735e-05 -0.014700463094663932 0.9998919270426069 2.254180323662745
0.9999850551216976 0.005476662310608697 -3.793223607568945e-05 205.98974473205132 -0.005475742780672638 0.9999048928839125 0.012662083435104325 -0.049998360743401214 0.00010727427731427319 -0.012661693410395738 0.9999198519944154 2.2685613478357727
0.9999906713127776 0.004329449173228208 -1.8032129648001827e-05 207.43775727975657 -0.0043290795680313385 0.9999448965965623 0.009563628076430925 -0.05773144555978101 5.9435374082824656e-05 -0.009563461123624866 0.9999542320906754 2.2837439851247083
0.9999948506675487 0.0032217369419536407 -0.00011720026835450401 208.88745100155896 -0.0032208267155593795 0.999969794228065 0.007077961915714849 -0.06271818403958422 0.00013999959430945497 -0.0070775484304123285 0.999974955104395 2.2965113912333748
0.9999958456072435 0.0027140505675110876 -0.000999110873127161 210.34280201134632 -0.0027065427325729187 0.9999686634726219 0.00744073630420775 -0.06491310956324164 0.0010192736003168485 -0.007438001424018485 0.9999717909201435 2.3102411598945882
0.9999962652275286 0.00259730269878707 -0.0008574551425693851 211.80471215973688 -0.0025895833596011495 0.9999571668809548 0.0088845153085739 -0.06277363772842726 0.0008804943583494073 -0.008882262523249512 0.9999601678915268 2.3354073871083294
0.9999969619241798 0.0024571141987446386 0.000124593756934464 213.26537493677245 -0.0024582509992326943 0.9999457036151987 0.010132019450210309 -0.06025937971361433 -9.969166491681329e-05 -0.010132297425556566 0.9999486344606309 2.35910574327417
0.9999975404485605 0.002226546035253816 -1.623548665360096e-05 214.73447272027627 -0.002226290005563323 0.9999519984254278 0.009542883510933041 -0.05906097284142232 3.748209647165025e-05 -0.009542824833541394 0.9999544611260198 2.3858493394886175
0.99999733449889 0.0018478010503321842 -0.0014239621446193902 216.20673777630708 -0.0018347338437614445 0.9999566541065806 0.009124190206913406 -0.06223530868023905 0.0014407590694176806 -0.009121554360299898 0.9999573113945381 2.4077393801865794
0.9999975145121687 0.0016587666203523672 -0.001524575893111924 217.68196847209697 -0.001645945379586032 0.9999635555129914 0.008372848463597012 -0.06673921295180632 0.001538408154793578 -0.008370318504218913 0.9999637299748475 2.425214823182287
0.999998588346424 0.0012043336256686407 -0.0011846893726300553 219.16256417744106 -0.0011939570905300132 0.9999612689805871 0.00872100214738996 -0.06527554930107578 0.0011951464126543493 -0.008719575932310354 0.9999612426729951 2.4462770653607153
0.9999980780328122 0.0008665685999672246 -0.0017358460067399021 220.64000724575504 -0.0008513435076377852 0.9999613595558549 0.008752507956716202 -0.06189672094208157 0.0017433645010809153 -0.008751014628931655 0.9999601624113388 2.4686220335059996
0.9999977715397741 0.000670700867078156 -0.0020089470688270192 222.12627685927745 -0.0006529929202149934 0.9999610563141768 0.008802289294459776 -0.06062849753578775 0.0020147712210299967 -0.008800957760227041 0.9999591721460548 2.4923858468717137
0.9999980570280064 0.00031906998330251055 -0.0019525162342845142 223.61053846134888 -0.000299728256754523 0.9999509591438129 0.009898413403979693 -0.05925433804193878 0.0019555784823989406 -0.009897810591950497 0.9999490838281861 2.51131774721426
0.9999972409948552 -1.7131615888755234e-05 -0.0023627228158102304 225.1001619656973 3.966990757202815e-05 0.9999544587309966 0.009539518405013363 -0.06067247837989985 0.0023624517427519804 -0.009539587718387093 0.9999517002741525 2.5303265489951787
0.9999974237683324 -0.0002847610538421921 -0.00225145783075367 226.59051028110048 0.0003073532519079292 0.9999495633899621 0.010040437360614041 -0.06200806101980298 0.0022484847098100495 -0.01004109738508044 0.9999470128417087 2.547256764925701
0.9999977131438991 -0.00038773118453608183 -0.002117411276943212 228.081786787229 0.0004069759949589403 0.9999585710814144 0.009096010371224265 -0.06529910024953477 0.0021137956177056903 -0.009096851149468173 0.9999563157746889 2.5686858052147006
0.9999962263485771 -0.0002647286559378176 -0.002754589971110281 229.57278064086634 0.0002863272931872519 0.9999691661704098 0.007843644263539623 -0.06812746565159537 0.002752427701194789 -0.007844403642398445 0.9999654074810166 2.5857359676150007
0.9999971255730512 -9.699811968018552e-05 -0.002403996690592587 231.06722513739297 0.0001131335769638908 0.999977472200991 0.006712725435041687 -0.07309884119734975 0.00240329197900165 -0.0067129793788725895 0.9999746022259607 2.6000994663469665
0.9999986191529643 0.00010147893351323363 -0.0016555249227058304 232.5641124853845 -9.299470880618464e-05 0.9999868829943638 0.005124042943168603 -0.0780998333698972 0.0016560242901334458 -0.005123882435771058 0.9999854978526738 2.6165664856099995
0.9999992142673174 8.862982701578204e-05 -0.0012212052772502232 234.05999542783806 -8.256577274452e-05 0.9999876879020391 0.004964694573171544 -0.08165388485632845 0.0012216304653195308 -0.0049645898567534175 0.9999868978306453 2.6356194429444835
0.9999990139742867 4.110897650846761e-06 -0.0013798402202410427 235.5613655750247 3.2585922377160233e-06 0.9999857863306689 0.005340574611331123 -0.08212142223892568 0.0013798440975636176 -0.005340574403502386 0.9999847996950462 2.6585400213890606
0.9999965381398723 0.00023406456122975362 -0.002610951569139669 237.06706345163326 -0.0002183052661214398 0.9999817661339809 0.006034483776417205 -0.08304797656351033 0.002612318327230503 -0.006033893995268197 0.9999783957261503 2.682251267340814
0.9999980603061399 0.0007485776092214817 -0.0018081481843784724 238.57261200859043 -0.0007353429477517462 0.9999730645414099 0.0073089798346565515 -0.08267705523834618 0.0018135715803832848 -0.007307636377956778 0.999971675152455 2.7058443499498335
0.9999988603601498 0.0013626811489343856 0.0006250419331684 240.0833746943838 -0.0013674063648735969 0.9999700152927666 0.007622977211935889 -0.08401570877391834 -0.0006146356876880242 -0.0076238242854174305 0.9999707243470872 2.7289233555147185
0.9999977774158673 0.0018719528059332603 0.0010153019580918625 241.59446367312688 -0.0018793716660288307 0.9999712286134937 0.007355715407610049 -0.08764646656453974 -0.0010015043740549219 -0.0073576059977565845 0.9999723939706431 2.748945534862433
0.9999970259629745 0.0023642372792593482 -0.0005715062808689117 243.11061907173283 -0.0023598188272642637 0.9999682802387967 0.00761288467721965 -0.09067480956771157 0.0005894862965903592 -0.007611513015146516 0.9999707937982364 2.770596278011083
0.9999938717322204 0.002931862478731677 -0.001929763887913099 244.62537927428755 -0.0029171414926961476 0.999966926455011 0.007587578302501703 -0.09571166371223748 0.0019519454883662381 -0.007581903364182421 0.9999693018127792 2.7907904790946376
0.9999937048506411 0.0032296185467832693 -0.0014673675962904066 246.14665163381073 -0.0032168567836924856 0.9999577371160641 0.008617933180819843 -0.10105928450133986 0.001495137895020593 -0.00861315899351591 0.9999617580333073 2.808083897980538
0.9999944823445166 0.0032832930500807855 -0.0005286208127139747 247.67145583546832 -0.00327889046804948 0.9999616766898092 0.008124083573299816 -0.10896926876216359 0.0005552740475601959 -0.00812230599628771 0.9999668409656848 2.8257809511418226
0.999995556505186 0.0029665666552334716 0.000207623884057314 249.19213777297654 -0.002968168962567186 0.999962006894414 0.008198689029493972 -0.11579206895241137 -0.00018329417976718863 -0.008199270139017114 0.9999663366004088 2.842314683300651
0.9999961449729035 0.002734492955567918 0.0005359859220667182 250.7205088002682 -0.0027389629557259473 0.9999599191578953 0.00852281222539339 -0.12132949598815239 -0.0005126593213846233 -0.008524249585508398 0.9999635358692095 2.8613176667279103
0.9999959704507283 0.00276390259884662 0.0006368698521471081 252.24833353119337 -0.0027701260826830144 0.9999463246202012 0.00998850974350721 -0.12707046159371035 -0.0006092285188488743 -0.00999023469184704 0.9999499049290798 2.8756308816179184
0.9999954008365617 0.0029610675620088795 0.0006734890342107325 253.78135521061023 -0.002968278051799442 0.9999354280638161 0.010969490260196798 -0.13299049796036785 -0.0006409648192697405 -0.010971433417838532 0.9999395710996333 2.8900957531642515
0.9999957027012747 0.002843975621749171 0.0006984640769930987 255.31296242061745 -0.0028518665060624834 0.9999290293252592 0.011569065720096429 -0.13929343577649228 -0.000665513210049623 -0.011571008913253354 0.9999327679734774 2.902819375754489
0.9999953702367048 0.002862126046105577 0.001011269451007016 256.84761447100124 -0.002872087423306603 0.9999459406784638 0.009989930421312644 -0.14701865268201042 -0.0009826222494938863 -0.009992791383011524 0.999949589084841 2.9194259181760636
0.9999943253386615 0.0027635408054568255 0.0019080970061169317 258.3860114865622 -0.0027796428746375713 0.9999600715780814 0.00848862066167362 -0.15460508118510305 -0.001884563228810622 -0.008493877249034052 0.9999621030832634 2.936343189096911
0.9999917755635547 0.0028352715547688674 0.002915418226261972 259.92531010005007 -0.002851746771825147 0.9999798968078256 0.005662419130928265 -0.16443206046896938 -0.002899306184232996 -0.005670686849741137 0.9999797276286231 2.9526693262707413
0.9999945526394096 0.0025375773958908956 0.002127371227013751 261.460261520612 -0.0025463344149086915 0.9999882594058737 0.0041241197722257095 -0.1737414789057783 -0.0021168818985335515 -0.004129514839275029 0.9999891879547192 2.9670279327044162
0.9999971394334207 0.002281136645922492 0.0007069865717168559 262.9981643493866 -0.0022831785753469657 0.9999932164434648 0.0029010732915229222 -0.18243776229778272 -0.0007003640814826143 -0.0029026793372424224 0.9999955441231169 2.9808395000926406
0.9999928132816823 0.002855061001065239 0.002511611818309655 264.53665214430174 -0.002857453629930742 0.9999954619938421 0.0009496069689775864 -0.189165919901768 -0.0025088911495882273 -0.00095677605600951 0.9999963247244765 3.000621794567866
0.9999818986606713 0.003289989620792228 0.005037566444255434 266.0829228860616 -0.0032894711512353294 0.9999946327900759 -0.00011108452966115837 -0.19262346667305036 -0.005037905345390219 9.451298602403089e-05 0.9999872685492532 3.0238496051208466
0.9999859690984134 0.0034486469749475373 0.004025403982470808 267.62396366041327 -0.0034404120703312104 0.9999919965340011 -0.002051052217271 -0.19991213711232025 -0.0040324473618900585 0.002037175667479117 0.9999897343675849 3.0536777794097576
0.9999898426437762 0.0037568815793874834 0.0024864930345248303 269.16364144253663 -0.0037496947083708295 0.99998876174118 -0.0028889180029056136 -0.20636794499419647 -0.0024973189956698835 0.002879565290749985 0.9999926956150416 3.0794460509391737
0.9999874536741803 0.004393743310951811 0.002413868453295571 270.7032714378343 -0.004389128030245255 0.9999885764856261 -0.0019139742019757954 -0.20998544113265752 -0.002422250661843816 0.00190335600527743 0.9999952698401918 3.110780695211879
0.999981186523138 0.005461457782543581 0.0028117315682787726 272.24493447954484 -0.005460253664033265 0.9999850205917364 -0.0004358362959554196 -0.21363401561562625 -0.0028140714510444375 0.0004204766633235502 0.9999958928851255 3.141416785801022
0.9999765470051967 0.006409864280169453 0.0024132731089870525 273.7915551531615 -0.0064129434211254496 0.9999786286450768 0.001270121538378221 -0.21788491388945078 -0.002405080794559743 -0.001285567439017339 0.9999962243497295 3.174842672537462
0.9999702072437894 0.007362531192361183 0.00234371985527986 275.3340586936835 -0.007368313995258225 0.9999698471354884 0.0024680820752199565 -0.2233707630811135 -0.002325479788183737 -0.0024852767037599676 0.999994145620728 3.202173535515004
0.9999647590285152 0.0081503472175768 0.001996960090219409 276.88064162059067 -0.008156775034456692 0.9999615395534561 0.0032319311639174733 -0.22607270053778947 -0.001970542060756594 -0.0032481060683019524 0.9999928014180375 3.2442150582344045
0.9999586001473538 0.008990755026202248 0.0014045750706787059 278.4225363120974 -0.008995756389947315 0.9999531066205534 0.0035959068127791706 -0.2341124123101366 -0.0013721802756359305 -0.003608392463180209 0.999992493232104 3.2768733082099635
0.9999504906144413 0.00990582014924396 0.0009494791919965918 279.9726973164055 -0.009908688148864662 0.9999461761353972 0.003064656826880602 -0.24213345902404843 -0.0009190706364606369 -0.003073914054799697 0.999994833250172 3.3179939334018207
0.9999416664485838 0.0107475480551051 0.0011148748217029323 281.523606013424 -0.010750283543114168 0.9999391961663162 0.002479500700124149 -0.25637726997689597 -0.0010881605337356758 -0.0024913399250269183 0.9999962373851093 3.3457880790309007
0.9999311082369201 0.011488883987970242 0.002424512880073563 283.0778983334062 -0.011492688175640945 0.9999327258755986 0.0015604214214637922 -0.2725741714974463 -0.0024064231363789424 -0.0015881787121767355 0.9999958658874876 3.3740272596464433
0.9999259087622685 0.011840875080663029 0.0028322420540950214 284.6287716417573 -0.011841327449175026 0.9999298660911744 0.00014122970338077364 -0.292185908287566 -0.0028303720706137373 -0.00017475610149693377 0.999995925146558 3.3956198836879734
0.9999287588065903 0.01192710071386023 0.0004692698408616429 286.1736618465287 -0.011926862859658681 0.9999287403293426 -0.0005022553432569095 -0.3104776917014672 -0.0004752276259258007 0.0004966236881845634 0.9999997008640652 3.4205858774937674
0.9999305840851495 0.011596007281401493 -0.0021102835981697847 287.72815270657173 -0.011599005661668518 0.9999317056078829 -0.0014136877166402455 -0.3283445752213258 0.0020937460319208354 0.0014380670935903856 0.9999967103069607 3.4481618362936306
0.9999393148190745 0.01075382744879812 -0.0024144847009474795 289.2820152451784 -0.010756509396358778 0.9999415933412107 -0.0010980411868754376 -0.3447975030711166 0.002402535609998314 0.001123946534017905 0.99999649183971 3.4767609557614705
0.9999480113853778 0.010048701055516094 -0.0017589722849631166 290.83892870422324 -0.010053451048322934 0.9999457650099655 -0.002715355826669629 -0.3608042783934606 0.0017315901966597335 0.0027328990412407252 0.999994723604646 3.5021038303068086
0.9999563324969746 0.009038053032066201 -0.002376282671279764 292.39793992924564 -0.009044271373425897 0.9999556375603781 -0.0026191064834749428 -0.3760571674706302 0.0023525058438135836 0.002640484653930011 0.9999937299426376 3.5260753323117613
0.999960556865235 0.008477852460485262 -0.0026476369953993845 293.96050577129813 -0.00848408774895115 0.9999612299255923 -0.0023524515614306756 -0.3892135890539575 0.002627591077980195 0.0023748221069292102 0.9999937132091645 3.553451313395225
0.9999675722259628 0.007765159197310014 -0.002143741604812799 295.5298448494669 -0.007770128259456804 0.9999671743642108 -0.002319414283977791 -0.40011695220561105 0.0021256599770915876 0.0023359986258700226 0.9999949534098193 3.5829288792593643
0.9999743649807997 0.006915143630734425 -0.0018443138515778007 297.10167465091126 -0.006920240973898512 0.9999722062577837 -0.002771566786029813 -0.4107379498337971 0.0018250972123765308 0.002784259805152158 0.999994428761409 3.613272226639205
0.9999821618283673 0.005878760303915099 -0.0010763410640780664 298.67976678991795 -0.005882417883680675 0.9999768555681525 -0.0034268906070978786 -0.42523256916732943 0.0010561691542293585 0.003433163014996467 0.9999934826034723 3.633746242074588
0.9999858374905827 0.0053006317959670216 0.0004954487090697629 300.2665421728829 -0.0052997059482250315 0.9999842188353684 -0.001851368351279001 -0.43576962451293855 -0.0005052548177318901 0.0018487166063402508 0.9999981436740457 3.656345793687917
0.9999818512037544 0.0059247274883668976 0.0010768413554922964 301.85115285014274 -0.005923302887517391 0.9999815478386411 -0.0013217666743774075 -0.44481634033332695 -0.0010846530002281843 0.001315364698480088 0.9999985009576022 3.6785865457995888
0.999976066821508 0.006895890313837062 0.0005591329142949067 303.44320352645406 -0.006895477027630482 0.9999759289111433 -0.000738156943028925 -0.45503768155840296 -0.0005642106657255518 0.0007342846329752967 0.9999995042673474 3.7039963320507403
0.9999734037861605 0.007289148862555372 0.00010190344238547762 305.0398139059063 -0.0072889288247622525 0.9999714044817922 -0.0020192628550530934 -0.4697852974104328 -0.00011661973596883111 0.002018467321775305 0.9999978917320425 3.724268582039232
0.9999717122201824 0.007480885974560154 -0.0007827739152838822 306.6390184314357 -0.007483760315386603 0.9999650576815977 -0.003734583441356275 -0.4862957978677367 0.0007548089067449778 0.0037403369362946173 0.9999927300982098 3.7491251348631214
0.999965899707042 0.007800580614966757 -0.002729556603422864 308.24204838197556 -0.007815164131848204 0.9999550559060258 -0.005373314293540904 -0.4998049204296814 0.002687518357842769 0.0053944637292945566 0.9999818443869147 3.7733644256764327
0.9999625746964869 0.007809131889827298 -0.003717561486304467 309.84952267268704 -0.007829992203225961 0.9999535054927058 -0.005630062686706505 -0.5075755477473479 0.003673424051840645 0.0056589623546266805 0.9999772198107878 3.8077246754031053
0.9999730674062706 0.005691224050875823 -0.004634667324476538 311.46386873935114 -0.005714856341057972 0.9999706321100271 -0.005101759173126868 -0.5147435044389936 0.0046054961013838975 0.005128109760513461 0.9999762004836881 3.8388366559949914
0.9999847711698135 0.003540219713514625 -0.004226213553624552 313.07554474348194 -0.0035579303814789976 0.999984912895298 -0.0041906446486333964 -0.5153286125658277 0.00421131383787826 0.004205619979052401 0.9999822159348802 3.8732405894079944
0.9999946454220976 0.00310617187513363 -0.0010669277785552104 314.69974652225187 -0.003108791685447861 0.9999921781235623 -0.0024627355684128565 -0.5086974901767033 0.0010592698417604025 0.00246604088881273 0.9999963764543373 3.9080771944826207
0.9999911286906533 0.003598411763994629 0.0022154408225580234 316.3273143577547 -0.0035902044900466357 0.9999867488812725 -0.0036977542297737687 -0.5104213065615538 -0.0022287186915783356 0.0036897680402442016 0.9999907224280713 3.937277881463726
0.9999881093838506 0.0038110203717436437 0.003055668762736787 317.95641460078616 -0.0037964875897359826 0.9999815667897228 -0.004748075866038963 -0.5130203545660158 -0.0030737083755668837 0.004736420572930393 0.999984023826423 3.968724492840634
0.99999005564488 0.004109236489339497 0.0017375440912801446 319.584906344668 -0.004098440755058495 0.9999725375510601 -0.0061715257980575365 -0.5190843562810149 -0.001762857777239387 0.006164343941816601 0.9999794068040533 3.9936267456590513
0.9999885226795282 0.004455301054955756 0.0017711769588063956 321.21491989391484 -0.00444291002030528 0.9999660407181582 -0.006939420526438025 -0.524152088982293 -0.0018020355901718814 0.00693147271918909 0.9999743366023051 4.021521488030901
0.9999868224280798 0.004650881631673008 0.002191483470893864 322.84674729835893 -0.00463584991969089 0.9999660543188512 -0.006815242030833554 -0.530370422629109 -0.002223107073470002 0.006804994741648112 0.9999743232530608 4.0475946142238755
0.9999847942825183 0.0051416994711989015 0.0019908605547086016 324.47276569915084 -0.005127755428514321 0.9999627567325936 -0.00694668379864409 -0.5355756437518447 -0.002026505287676614 0.006936371776768339 0.9999738489848781 4.0788270985981026
0.9999833138790034 0.0056147769994515494 0.0013991622381700486 326.1014338197537 -0.005607004923629625 0.9999691488151642 -0.005498202203064662 -0.5409057416922388 -0.0014299922214575482 0.005490266717054829 0.9999838373058233 4.106827969864512
0.9999800136239396 0.0062832992608236 0.0006492066094246516 327.7310298556301 -0.006280179511174934 0.9999692268642175 -0.004700550699165165 -0.5462968250971042 -0.0006787210087736547 0.004696380600744398 0.999988759511833 4.140698592524135
0.9999716566471291 0.007128535170553259 0.002440881959381108 329.3579553680503 -0.0071142156059529815 0.9999577134515617 -0.005825715660470407 -0.5584760566178657 -0.0024823082634731876 0.005808185945870468 0.9999800299012975 4.167271596913095
0.9999673272385919 0.007263096457497066 0.003546521557051498 330.9848221683186 -0.007239123016849734 0.9999511630056783 -0.006726466999066031 -0.5722767854881035 -0.003595204135700405 0.006700574435057282 0.9999711097557173 4.19367791426099
0.9999735714186325 0.006974080001985844 0.0020750915934612648 332.60344695061536 -0.006957384444170008 0.9999441860264193 -0.007947444469749057 -0.5858426220168859 -0.0021304028666050126 0.007932798016975067 0.9999662425549316 4.212727446717017
0.9999733056395492 0.006979214266241172 0.002185019263595614 334.22357515850933 -0.006963445735321316 0.9999502937945066 -0.007142864525704831 -0.594799866015761 -0.0022347633107409337 0.007127460541504419 0.9999721005659294 4.2434400907356995
0.9999760956879093 0.0068614662923619585 0.0008470112231552043 335.8367698397739 -0.006857372634558637 0.999965238941379 -0.004744709117598302 -0.6019658180301607 -0.0008795377159061795 0.004738788418184586 0.9999883653707012 4.269746913640789
0.9999751358057986 0.00614797946128492 -0.003462733867535875 337.4439661372644 -0.00616018705542546 0.9999748513614474 -0.003525871259427831 -0.6101964945941707 0.0034409705960400253 0.0035471153261260415 0.9999878128327442 4.299588656275359
0.9999834240390316 0.005261186156118056 -0.0023289842299254165 339.0556575572236 -0.005265745909216972 0.9999842095555329 -0.0019559035553291444 -0.6176215985894341 0.0023186575804189456 0.001968136100133068 0.9999953664054313 4.329090554290001
0.9999898619027038 0.0043645391634748055 0.0010939244386783944 340.6637219267844 -0.0043629666897400474 0.9999894350691031 -0.0014360373550062104 -0.6240118888094341 -0.0011001805158519524 0.0014312516897514525 0.9999983030281914 4.358968609730923
0.9999852963898244 0.0032675246863980312 0.004338631977031325 342.2816176441654 -0.0032663877609493096 0.999994612158515 -0.00026925216409397104 -0.6307217256651312 -0.004339490909150976 0.00025507733387055104 0.9999904914516609 4.379921202765921
0.9999932016731817 0.0020650005670015533 0.003073598889917732 343.8882481090167 -0.0020656693506762676 0.9999978524494377 0.00021413666519145397 -0.6366974915120562 -0.003073151280881958 -0.00022048394955535825 0.9999952458773811 4.39614565986001
0.999999500052989 0.00026679818762599585 0.0010187231752698343 345.4878972363837 -0.00026634581742244687 0.9999999013751306 -0.0004442257791534975 -0.6420911605272455 -0.0010188416542405284 0.00044395458005785823 0.9999993985718808 4.408921413532776
0.9999954221524578 -0.0016333865189992638 0.002568233639921565 347.09103012310493 0.0016371265521104143 0.9999976593920941 -0.00145494661905412 -0.6464953146874438 -0.002565852692149391 0.0014591462777978252 0.9999956184554498 4.423885026787886
0.9999906717946241 -0.002622582592752448 0.0034273838244896354 348.69095789495407 0.0026331621544171627 0.9999918080458008 -0.0030859497217928626 -0.6475609811449055 -0.003419263731069766 0.0030949479779841726 0.99998932015958 4.444311698542714
0.9999922817625746 -0.003047348220944779 0.0024697397092762353 350.2891434237806 0.0030556540257001123 0.9999896238351955 -0.003366386364245667 -0.6463512930608888 -0.002459455423062201 0.003373906992041508 0.9999912944022353 4.46273306101073
0.9999934967789438 -0.003253928615358161 0.0015682787990461758 351.88389027443486 0.0032602268978379765 0.9999865469112095 -0.004030405807198327 -0.6385907498689553 -0.0015551435611091636 0.0040354932411852725 0.9999906563098525 4.48798265066643
0.9999932993173197 -0.0032742492124922195 0.0016254187164577907 353.48268964697553 0.0032808831616551034 0.9999862445295535 -0.004095721860509535 -0.631592796656522 -0.0016119869845709163 0.004101028156402351 0.9999902561531331 4.510500000130395
0.9999937088734547 -0.003238656981604128 0.001450960170217827 355.07440746152565 0.0032452862587130783 0.9999842495211732 -0.004589763663786603 -0.622500452818665 -0.0014360735187133817 0.0045944457327965395 0.999988341605379 4.53790368621218
0.9999943194321571 -0.0032620898064326265 0.000849131127876785 356.6674978494167 0.0032664941641658693 0.9999809691248174 -0.005238741744089293 -0.6151094056705873 -0.0008320259289290362 0.005241486861985521 0.9999859114430331 4.5664287931858025
0.9999942214071782 -0.0033833958536434823 0.000187368231654674 358.2586867443868 0.0033843623596756947 0.999979592649314 -0.005424231138067894 -0.6067551239574607 -0.0001690114607422041 0.005424835652664501 0.9999852859435151 4.595175186734657
0.9999944335766132 -0.003308614265961302 0.0005449167717674168 359.8496392608114 0.0033117820029307365 0.999976979160564 -0.005919980383703017 -0.5981368778447482 -0.0005253185948394263 0.00592175356476726 0.9999822872628309 4.622007572672735
0.9999947110729928 -0.0032330733783271287 -0.00045790526285418177 361.4409932679357 0.003230511464944583 0.9999797162336029 -0.005489070148985686 -0.5880502905509504 0.0004756413005520049 0.005487562570405898 0.9999847726934107 4.648659233801382
0.9999936227695049 -0.0031522346100970964 -0.001679959740559036 363.02643081320304 0.0031403876195693035 0.9999705641256724 -0.007008546602736744 -0.5813851914388061 0.0017020031516961284 0.007003228813067132 0.999974013104829 4.676117976967294
0.9999953627995498 -0.0030300249960030735 -0.0001974609784405239 364.6244754743886 0.0030282675896071078 0.9999604075737999 -0.008363412075333039 -0.5748722799409428 0.00022279524379078316 0.00836277623432367 0.9999650296266591 4.705014677420577
0.999994624559793 -0.0031487644049782316 0.0009560424046398657 366.22190787146275 0.0031581961465527346 0.999944757698214 -0.010029698535930076 -0.5649404916262366 -0.0009244094793063604 0.010032663999168023 0.9999492177420063 4.734814852780642
0.9999952196470685 -0.0030938606158862104 0.00025773924518035507 367.8193637858358 0.0030964151178585735 0.9999392882046727 -0.010578471216638142 -0.5565618307087772 -0.00022499605056956664 0.01057922459016208 0.9999439921482713 4.758784548698536
0.9999960584658965 -0.002725600528069289 -0.0006167641612538606 369.42506634347075 0.0027196437231864507 0.999951524065942 -0.009461297315157548 -0.5405549027323451 0.000642522102006585 0.009459584501713598 0.9999550174681706 4.789617821609323
0.9999972191198548 -0.0022595578547914582 0.000639637810445369 371.0140970645026 0.0022642616007082592 0.9999696792626961 -0.007450998324207781 -0.5263888678297308 -0.0006227826978369095 0.007452428425340503 0.9999720016174565 4.816636880074289
0.9999979813968848 -0.001767732709790051 0.0009394078233002142 372.65450540381534 0.0017734438943440016 0.9999797757822249 -0.006113481121919848 -0.5093587149827304 -0.0009285822235062446 0.006115136753507966 0.9999808428208956 4.849996798628862
0.9999987597627862 -0.0013999416681816613 0.0006908900101979679 374.26462507790336 0.0014038637407655066 0.9999826847405114 -0.005708938856398002 -0.49760250827196983 -0.0006828858101546606 0.005709902181312758 0.9999834554967065 4.87753996020374
0.9999993440104638 -0.0011615778253306216 -0.00010544608049772863 375.8206038737781 0.001160937176280737 0.9999820019887549 -0.005886922137990079 -0.4864755722004295 0.00011228184269207551 0.0058867969001795434 0.9999826540007843 4.905408699680573
0.9999995297735595 -0.0008799498211982861 -0.00034938470839218465 377.4269928030122 0.0008779358113548961 0.9999832060682686 -0.0057231561006923235 -0.47894769256406117 0.000354415397218223 0.005722846923928649 0.9999835641581738 4.929376401744328
0.9999997195113589 -0.0006572187421568067 -0.00040166749340553483 379.03279519354885 0.0006550646780425847 0.999985506009562 -0.005339482522648031 -0.4742126543296462 0.0004051709424556741 0.005339218299632217 0.9999856744790802 4.954070435519402
0.9999999078624852 -0.00035314339061065904 -0.00027967025679660057 380.64720415969686 0.0003519698724276379 0.9999912029096973 -0.004185181889623656 -0.469255465927947 0.0002811456008607787 0.004185084360885145 0.9999911892278185 4.977675669243783
0.9999999032896927 -4.04086130442263e-05 0.0004463259151460822 382.2605788447792 4.1699374390465754e-05 0.9999957974399087 -0.0028925048418057906 -0.46282815717549586 -0.00044620755323293397 0.002892523540175958 0.9999956992703992 5.004153252451771
0.9999999970262489 0.00022375921619680874 -0.00016440803409867224 383.881352384635 -0.00022404441146469702 0.9999985002362384 -0.0017367922847909185 -0.45758248910268334 0.0001640190993135041 0.0017368286645677742 0.9999985027375128 5.030503367512172
0.9999995960516566 0.0004923138656883705 -0.0007457784250630541 385.4919252494124 -0.0004929625494268421 0.9999994982640729 -0.0008698526193776917 -0.45275150870864944 0.0007453495475161507 0.0008702206031896952 0.999999305684271 5.056535296499564
0.999999499194853 0.0008133341766340839 -0.0006463196297954903 387.1087571764471 -0.000813412947851251 0.9999996959135884 -0.00012150486894296398 -0.4487612201218082 0.0006462204966121319 0.00012203066858922726 0.999999804891559 5.084156710939614
0.9999994071148824 0.0010511603333755869 0.00027769676397220583 388.7269273210146 -0.0010514716639929513 0.9999988028676661 0.0011228937235281935 -0.44635333877572825 -0.0002765166413677871 -0.0011231848071981132 0.9999992900174521 5.10884007655719
0.9999985169028784 0.0014276131400898992 0.0010014843855983835 390.3473678364449 -0.0014298619094785046 0.99999641558124 0.002248764884446171 -0.44512747556421206 -0.0009982711197159344 -0.0022501945012472577 0.999996967515883 5.131413105221812
0.999998332770555 0.0018170953354657259 0.0003398162696910973 391.97749436876063 -0.0018180782567378238 0.9999941065516105 0.0029146175150127703 -0.4450044852456768 -0.0003345191276041279 -0.002915229294417556 0.9999956606778366 5.152389206631555
0.9999977370319326 0.0020675258641293976 0.00048666139516186785 393.5996999786545 -0.0020689475843956627 0.9999935104553436 0.0029380636184666528 -0.4481441266160414 -0.0004805838501574155 -0.002939064954171858 0.9999955525127261 5.177394973419243